104,96,140
90,88,117
82,80,27
20,18,140
114,106,130
71,66,73
44,49,117
135,133,65
143,129,88
86,88,83
138,137,32
127,148,82
150,112,54
77,67,108
102,62,140
38,29,27
121,127,134
91,90,100
124,149,111
96,97,53
106,154,145
137,153,122
58,65,96
32,30,15
92,99,75
85,79,102
152,134,87
11,6,152
134,115,11
66,77,28
39,34,82
129,148,69
64,63,39
79,90,147
14,31,148
81,87,99
87,90,59
117,150,81
72,76,75
99,103,75
13,4,81
93,95,154
100,104,140
95,96,36
112,117,150
27,37,84
103,96,77
37,31,56
110,153,91
97,104,54
6,11,109
59,53,145
25,14,33
107,112,154
100,104,140
58,65,96
138,137,32
112,117,150
13,4,81
124,111,149
82,80,27
6,11,109
102,62,140
152,134,87
72,76,75
79,90,147
44,49,117
71,66,73
107,154,112
143,129,88
99,103,75
103,96,77
39,34,82
81,87,99
86,83,88
77,67,108
104,96,140
87,90,59
127,148,82
97,104,54
92,99,75
110,153,91
27,37,84
95,96,36
150,112,54
121,127,134
129,148,69
117,150,81
137,153,122
38,29,27
85,79,102
14,31,148
135,133,65
114,106,130
90,88,117
25,14,33
106,154,145
93,95,154
20,18,140
91,90,100
32,30,15
96,97,53
134,115,11
37,31,56
11,6,152
59,53,145
64,63,39
66,77,28
150,54,112
77,67,108
101,103,152
112,150,117
96,97,53
66,77,28
99,75,103
91,90,100
152,134,87
130,154,151
13,4,81
143,129,88
37,31,56
87,90,59
17,20,60
129,148,69
88,81,48
51,44,82
44,49,117
92,99,75
58,96,65
38,29,27
137,122,153
121,127,134
104,96,140
103,96,77
97,104,54
72,75,76
86,83,88
6,11,109
57,58,80
32,30,15
64,63,39
81,99,87
82,80,27
50,45,26
27,84,37
94,81,9
71,73,66
144,145,154
14,31,148
134,115,11
102,62,140
74,88,67
39,34,82
127,148,82
11,6,152
131,141,74
95,96,36
68,53,31
59,53,145
117,150,81
110,91,153
47,44,55
55,61,65
20,18,140
122,120,28
114,106,130
100,104,140
76,67,51
135,133,65
79,90,147
85,79,102
138,137,32
106,145,154
25,14,33
93,95,154
124,149,111
12,10,21
90,88,117
36,48,33
107,112,154
13,4,81
51,44,82
150,112,54
11,6,152
88,81,48
55,61,65
57,58,80
86,83,88
121,127,134
81,87,99
101,103,152
103,96,77
152,134,87
44,49,117
27,37,84
38,29,27
58,65,96
104,96,140
130,154,151
107,112,154
117,150,81
92,99,75
129,148,69
39,34,82
99,75,103
137,153,122
82,80,27
17,20,60
14,31,148
106,145,154
36,33,48
71,73,66
102,62,140
124,149,111
122,120,28
134,115,11
135,133,65
32,30,15
59,53,145
90,88,117
94,81,9
72,76,75
6,11,109
79,90,147
97,104,54
138,137,32
91,90,100
74,67,88
112,117,150
77,67,108
131,141,74
47,44,55
68,53,31
127,148,82
85,79,102
25,14,33
93,95,154
76,67,51
12,10,21
100,104,140
114,106,130
144,145,154
50,45,26
110,153,91
20,18,140
64,63,39
143,129,88
37,31,56
96,53,97
95,96,36
66,77,28
87,90,59
79,90,147
106,145,154
135,133,65
51,44,82
104,96,140
99,75,103
81,99,87
117,150,81
11,6,152
20,18,140
38,29,27
114,106,130
134,115,11
87,90,59
47,44,55
94,81,9
93,95,154
112,150,117
107,154,112
74,67,88
137,153,122
152,134,87
13,4,81
150,112,54
103,96,77
77,67,108
96,97,53
32,30,15
101,103,152
124,149,111
14,31,148
59,53,145
58,65,96
17,20,60
25,14,33
86,83,88
39,34,82
44,49,117
131,141,74
36,33,48
92,99,75
90,88,117
91,90,100
37,31,56
12,10,21
127,148,82
68,53,31
76,67,51
97,104,54
27,37,84
144,154,145
66,77,28
138,137,32
57,58,80
55,65,61
64,63,39
102,62,140
82,80,27
122,120,28
88,81,48
100,104,140
72,76,75
121,127,134
143,129,88
6,11,109
71,66,73
110,153,91
95,96,36
130,154,151
50,45,26
129,148,69
85,79,102
77,96,67
14,25,31
21,63,38
63,76,69
104,96,149
17,20,148
7,10,88
30,28,9
88,81,45
143,129,75
20,18,34
138,142,137
92,75,99
74,67,65
119,140,118
36,33,48
124,149,74
11,6,92
107,112,148
114,106,151
115,110,152
52,41,53
117,150,140
103,96,81
39,34,105
131,141,63
50,45,55
25,14,85
62,61,21
18,19,67
44,49,36
27,37,58
121,127,62
12,10,96
86,91,77
112,117,26
99,95,149
127,148,99
155,147,140
61,63,87
152,134,151
6,11,9
134,115,61
106,114,151
110,153,56
98,96,66
105,145,150
85,79,9
91,54,90
59,55,53
96,97,60
81,99,105
151,149,74
15,31,67
122,143,120
58,65,90
68,53,85
66,74,77
64,63,115
76,74,67
135,133,6
54,61,63
51,44,90
150,117,112
100,104,54
102,59,62
95,96,32
72,66,76
37,31,67
13,5,4
32,30,50
129,148,95
38,29,31
101,103,65
47,44,96
90,88,148
93,95,53
70,93,63
94,81,45
130,154,87
82,90,80
87,90,79
55,61,80
8,10,54
57,58,69
133,149,148
97,104,65
132,142,90
79,90,88
10,99,100
127,148,99
12,10,96
39,34,105
94,81,45
13,5,4
8,10,54
98,96,66
88,81,45
10,100,99
63,69,76
112,117,26
95,96,32
57,58,69
92,75,99
81,99,105
54,61,63
102,59,62
82,80,90
119,140,118
135,6,133
96,97,60
38,31,29
105,145,150
59,53,55
77,67,96
90,88,148
61,63,87
86,91,77
79,90,88
58,65,90
122,143,120
50,55,45
20,18,34
106,114,151
134,115,61
93,95,53
150,112,117
76,67,74
15,31,67
44,49,36
36,33,48
100,104,54
18,19,67
85,79,9
17,20,148
143,129,75
32,30,50
74,67,65
131,141,63
37,31,67
110,153,56
72,66,76
130,154,87
14,31,25
133,148,149
152,151,134
91,90,54
47,96,44
129,148,95
107,148,112
30,28,9
151,149,74
66,77,74
121,127,62
115,110,152
6,11,9
68,53,85
87,79,90
155,140,147
117,150,140
11,6,92
62,61,21
114,106,151
21,38,63
99,95,149
55,61,80
138,142,137
124,149,74
70,93,63
97,104,65
51,44,90
7,10,88
132,142,90
25,14,85
64,63,115
101,103,65
27,37,58
104,96,149
103,81,96
52,41,53
121,127,62
103,96,81
18,19,67
62,61,21
50,45,55
100,104,54
38,29,31
99,95,149
115,152,110
79,90,88
93,53,95
129,148,95
124,149,74
27,37,58
32,30,50
72,76,66
104,96,149
20,18,34
58,65,90
44,49,36
92,99,75
51,44,90
70,93,63
6,11,9
12,10,96
14,25,31
96,97,60
17,20,148
114,106,151
130,154,87
39,34,105
106,114,151
59,55,53
110,153,56
151,149,74
87,90,79
86,91,77
82,90,80
152,151,134
52,41,53
11,6,92
150,112,117
105,145,150
138,142,137
77,67,96
61,63,87
94,81,45
36,33,48
54,61,63
57,58,69
88,81,45
132,142,90
135,133,6
97,104,65
81,99,105
10,99,100
55,61,80
13,5,4
107,148,112
37,31,67
68,53,85
8,10,54
127,148,99
21,38,63
91,90,54
64,63,115
101,103,65
90,88,148
119,118,140
15,31,67
85,79,9
7,10,88
63,69,76
143,129,75
30,28,9
25,14,85
47,44,96
66,77,74
112,117,26
76,74,67
98,96,66
131,141,63
122,120,143
134,115,61
117,150,140
155,147,140
74,67,65
102,62,59
95,96,32
133,148,149
152,134,29
30,28,82
91,90,41
131,138,141
101,103,144
42,87,61
127,148,152
18,19,58
114,116,106
105,145,149
81,99,37
64,63,67
96,97,78
135,134,133
58,65,140
68,53,64
36,33,60
150,120,112
124,149,26
129,148,26
94,81,117
112,117,144
39,38,34
103,95,96
87,82,90
99,95,66
62,61,94
92,99,129
95,94,96
65,53,55
38,33,74
122,121,105
27,37,149
54,61,9
93,95,80
20,18,59
13,6,57
52,41,31
106,114,21
8,10,106
11,6,67
137,149,153
110,105,153
77,67,134
12,10,59
82,80,32
143,129,124
75,53,34
41,49,42
32,30,65
138,142,59
25,14,45
70,93,63
7,10,11
15,31,110
48,59,29
130,154,82
102,62,118
88,81,28
98,96,117
55,61,80
74,67,84
59,53,9
100,104,64
61,63,48
85,79,75
117,150,75
139,138,99
17,20,25
151,149,154
134,115,105
104,96,151
72,76,140
76,67,117
47,44,81
14,26,31
51,44,56
79,81,90
132,142,75
97,104,80
34,81,87
57,55,77
121,127,156
50,45,118
66,77,90
44,49,60
116,117,108
6,11,105
86,91,140
37,32,43
127,148,152
15,31,110
96,78,97
50,45,118
41,49,42
97,104,80
18,19,58
7,10,11
8,10,106
6,11,105
116,117,108
66,77,90
110,105,153
81,99,37
37,32,43
117,150,75
101,103,144
64,63,67
55,61,80
99,66,95
139,138,99
51,44,56
122,105,121
85,79,75
100,104,64
13,6,57
86,91,140
77,67,134
114,116,106
65,55,53
11,6,67
130,154,82
39,38,34
135,134,133
124,149,26
30,28,82
74,67,84
58,65,140
27,37,149
57,55,77
32,30,65
150,112,120
105,145,149
59,53,9
61,63,48
12,10,59
38,33,74
72,76,140
121,127,156
87,90,82
82,80,32
132,142,75
103,95,96
52,41,31
102,62,118
42,87,61
17,20,25
93,95,80
129,148,26
25,14,45
48,29,59
14,26,31
44,49,60
47,44,81
152,134,29
106,114,21
134,105,115
36,33,60
98,96,117
76,67,117
20,18,59
95,94,96
143,124,129
94,81,117
91,90,41
104,96,151
54,61,9
151,154,149
79,90,81
131,138,141
88,81,28
34,87,81
112,144,117
68,64,53
75,53,34
138,142,59
92,99,129
137,149,153
70,93,63
62,94,61
75,53,34
39,38,34
66,77,90
93,95,80
68,53,64
64,63,67
116,108,117
124,149,26
82,80,32
143,129,124
47,44,81
14,26,31
114,106,116
62,61,94
135,133,134
12,10,59
79,90,81
72,76,140
20,18,59
122,121,105
104,96,151
121,127,156
76,67,117
94,81,117
105,145,149
11,6,67
59,53,9
97,104,80
74,67,84
7,10,11
88,81,28
134,105,115
30,28,82
92,99,129
55,61,80
61,63,48
129,148,26
99,95,66
8,10,106
54,61,9
27,37,149
131,141,138
51,44,56
57,77,55
98,96,117
103,96,95
13,6,57
44,49,60
77,67,134
6,11,105
95,96,94
70,93,63
96,97,78
34,87,81
100,104,64
151,154,149
101,103,144
150,112,120
112,117,144
32,30,65
48,59,29
91,90,41
36,33,60
152,134,29
50,45,118
86,91,140
81,99,37
42,87,61
85,79,75
102,62,118
17,25,20
132,142,75
110,153,105
139,138,99
117,150,75
41,49,42
106,114,21
25,14,45
52,41,31
138,142,59
127,148,152
38,33,74
130,154,82
137,149,153
65,53,55
87,90,82
18,19,58
37,32,43
58,65,140
15,31,110
8,10,58
139,138,94
145,135,136
120,129,65
15,31,41
34,29,60
77,67,94
70,65,93
107,144,72
117,150,124
115,110,85
27,37,39
63,65,76
110,153,129
41,43,25
32,30,29
49,43,78
88,81,82
119,148,124
68,63,58
154,112,54
53,63,85
30,28,41
150,112,114
44,43,40
138,142,140
37,31,29
105,108,145
102,62,32
69,74,87
81,99,87
58,65,63
36,33,55
126,146,138
152,134,118
76,62,65
71,94,77
62,61,95
40,58,32
42,45,87
47,44,23
2,133,109
91,90,29
52,41,80
14,26,27
148,153,124
39,34,51
82,79,88
106,114,69
124,149,140
13,5,6
72,76,53
18,21,19
95,96,67
101,103,48
114,106,151
149,150,148
147,148,110
31,30,33
24,23,61
133,118,135
43,49,72
92,99,75
94,81,53
74,67,79
98,96,67
93,95,96
38,30,33
75,85,53
112,144,150
54,65,61
104,95,96
86,91,85
131,141,9
80,79,76
46,74,29
51,44,43
116,117,58
99,95,63
143,127,151
134,120,115
65,63,21
96,99,97
50,45,49
137,149,134
61,63,80
135,134,133
132,135,142
122,120,117
59,63,61
36,33,55
91,90,29
43,49,72
8,10,58
122,120,117
71,94,77
51,44,43
88,82,81
42,45,87
119,148,124
139,138,94
145,136,135
65,63,21
96,99,97
76,62,65
102,62,32
131,141,9
70,93,65
95,96,67
52,41,80
2,109,133
59,63,61
134,115,120
147,110,148
58,63,65
24,23,61
124,149,140
138,142,140
126,146,138
37,31,29
150,112,114
14,26,27
74,67,79
82,79,88
114,106,151
38,33,30
13,5,6
112,150,144
116,117,58
107,144,72
69,74,87
133,118,135
104,96,95
72,76,53
137,149,134
27,37,39
31,33,30
98,96,67
92,75,99
77,67,94
32,29,30
86,91,85
18,19,21
101,103,48
149,150,148
15,41,31
132,142,135
46,74,29
63,65,76
50,45,49
152,134,118
110,129,153
94,53,81
115,110,85
148,124,153
49,43,78
40,32,58
41,43,25
34,29,60
44,40,43
53,63,85
81,99,87
154,112,54
135,134,133
62,61,95
68,58,63
80,79,76
143,151,127
61,63,80
117,124,150
99,95,63
30,28,41
39,34,51
47,44,23
54,65,61
105,145,108
75,53,85
93,95,96
120,129,65
106,114,69
75,53,85
80,79,76
15,41,31
93,96,95
38,30,33
88,81,82
13,5,6
86,91,85
18,19,21
58,65,63
132,135,142
154,112,54
14,26,27
52,41,80
40,32,58
39,34,51
135,134,133
95,96,67
37,29,31
68,63,58
124,140,149
41,25,43
106,114,69
117,124,150
120,129,65
62,61,95
82,79,88
112,150,144
69,87,74
24,23,61
138,142,140
98,96,67
122,120,117
49,43,78
30,28,41
147,148,110
46,29,74
150,112,114
152,118,134
110,153,129
119,148,124
59,63,61
102,62,32
53,63,85
32,29,30
145,135,136
101,103,48
77,94,67
96,99,97
105,145,108
31,30,33
61,63,80
91,90,29
134,120,115
2,133,109
27,37,39
131,9,141
114,106,151
99,95,63
76,62,65
44,43,40
36,33,55
107,144,72
70,93,65
50,45,49
133,118,135
42,87,45
137,134,149
104,95,96
8,10,58
43,49,72
54,65,61
143,151,127
148,153,124
71,94,77
74,79,67
65,63,21
34,29,60
115,110,85
81,87,99
63,65,76
51,44,43
126,146,138
94,81,53
47,44,23
92,99,75
116,117,58
72,53,76
149,150,148
139,138,94
91,90,79
116,114,117
113,117,153
96,99,97
30,28,34
31,27,30
131,141,142
150,117,112
74,69,67
26,25,14
68,53,63
94,65,81
71,94,73
72,76,78
114,106,116
34,29,38
49,43,54
61,63,64
39,38,34
82,80,79
103,99,96
56,55,75
53,63,65
90,88,80
47,44,52
149,150,118
126,146,151
122,120,121
132,136,138
152,151,134
65,58,63
24,25,23
106,114,116
59,63,53
104,96,99
25,26,14
139,138,128
117,150,149
38,29,33
88,81,66
92,99,95
119,148,146
32,30,69
110,153,117
138,142,141
105,117,145
99,96,95
44,49,43
58,53,56
134,115,144
63,65,56
120,129,127
14,26,32
75,53,81
70,53,93
85,82,79
154,156,112
8,10,40
81,82,99
137,133,149
76,67,75
135,134,133
62,61,55
52,41,40
141,154,116
37,31,32
87,79,90
79,84,90
142,141,153
33,37,61
115,110,129
80,79,87
143,129,151
43,49,30
107,112,144
3,36,42
18,19,40
145,112,135
102,78,62
57,55,61
98,75,96
95,96,99
55,61,58
93,95,99
54,53,55
36,33,58
41,49,40
124,129,149
133,118,136
77,66,67
76,67,75
81,99,82
106,114,116
143,129,151
53,65,63
49,43,54
102,78,62
36,58,33
24,25,23
87,79,90
131,141,142
57,55,61
149,118,150
38,29,33
104,99,96
79,84,90
52,41,40
96,99,97
26,25,14
62,61,55
94,65,81
44,43,49
71,73,94
138,142,141
18,19,40
56,55,75
72,78,76
152,151,134
54,53,55
150,112,117
120,129,127
68,53,63
70,93,53
110,153,117
63,65,56
43,30,49
61,64,63
124,129,149
139,128,138
55,61,58
31,27,30
8,10,40
91,79,90
75,81,53
47,44,52
74,69,67
135,134,133
99,96,95
141,154,116
103,96,99
82,80,79
39,38,34
65,58,63
98,96,75
33,37,61
133,118,136
116,114,117
92,99,95
154,112,156
3,36,42
14,32,26
32,30,69
90,80,88
117,150,149
30,28,34
105,145,117
59,63,53
37,31,32
80,87,79
25,14,26
126,146,151
93,99,95
137,133,149
77,67,66
95,96,99
142,141,153
85,79,82
34,38,29
107,144,112
122,120,121
132,138,136
113,153,117
145,112,135
115,110,129
88,66,81
58,56,53
114,106,116
41,40,49
134,144,115
119,148,146
77,66,67
139,138,128
31,27,30
132,138,136
75,81,53
58,53,56
149,150,118
88,81,66
126,146,151
105,145,117
57,61,55
143,151,129
96,97,99
8,10,40
95,99,96
102,62,78
99,96,95
135,133,134
25,14,26
107,112,144
36,33,58
43,49,30
18,19,40
32,69,30
87,79,90
116,117,114
71,73,94
49,43,54
134,144,115
110,153,117
133,118,136
61,64,63
91,79,90
141,116,154
34,38,29
80,79,87
26,25,14
33,37,61
65,58,63
90,80,88
137,133,149
68,63,53
92,99,95
94,81,65
37,32,31
150,112,117
39,38,34
138,141,142
54,53,55
142,141,153
98,96,75
38,33,29
81,99,82
131,141,142
74,67,69
30,28,34
59,53,63
72,76,78
154,112,156
106,116,114
24,25,23
115,110,129
44,49,43
103,96,99
62,61,55
113,153,117
70,53,93
93,99,95
152,151,134
76,67,75
63,65,56
79,90,84
119,148,146
145,112,135
114,106,116
47,52,44
85,82,79
104,99,96
3,42,36
122,120,121
53,65,63
120,129,127
56,55,75
82,80,79
52,40,41
14,26,32
117,150,149
55,61,58
124,129,149
41,40,49
72,73,76
156,150,129
154,112,117
155,111,116
13,6,4
34,38,90
57,55,58
39,38,33
134,115,145
69,65,59
106,114,116
94,99,81
61,53,64
8,10,13
129,148,117
58,65,53
84,88,72
143,129,152
95,96,99
139,138,142
52,41,40
152,134,151
56,55,94
99,95,75
77,67,66
90,88,80
137,133,122
133,118,106
122,120,111
98,94,96
85,79,82
59,63,53
62,61,58
53,63,39
132,142,96
33,37,72
75,63,76
48,45,34
14,26,31
15,25,32
32,30,45
146,133,156
119,148,152
24,25,76
27,37,33
71,94,73
42,46,87
66,94,77
74,67,69
93,95,103
89,78,74
116,108,144
96,99,97
88,66,81
18,19,14
120,151,129
138,137,142
103,96,99
47,44,39
124,129,149
83,65,74
107,134,112
105,106,145
2,114,137
46,64,38
148,145,106
100,92,104
23,64,38
144,154,145
81,80,99
104,99,96
37,31,32
54,53,80
135,133,134
41,49,40
113,153,115
49,43,40
149,150,129
79,90,84
91,79,90
131,138,141
70,67,93
31,27,38
63,65,53
92,99,96
82,80,90
126,146,135
147,144,112
55,61,58
110,144,117
43,49,27
80,90,79
38,29,33
65,72,55
44,49,40
145,112,141
142,138,141
76,53,67
26,19,25
36,33,85
87,80,79
153,112,115
68,67,63
141,154,106
102,62,78
115,110,106
3,36,74
112,153,108
13,6,4
52,41,40
47,44,39
84,88,72
71,94,73
85,82,79
32,30,45
119,148,152
43,49,27
148,145,106
70,93,67
37,31,32
131,141,138
49,40,43
55,61,58
154,117,112
33,37,72
120,129,151
59,63,53
94,99,81
137,133,122
61,53,64
107,112,134
142,138,141
155,111,116
48,45,34
145,112,141
38,29,33
152,151,134
39,38,33
24,25,76
44,40,49
129,117,148
113,153,115
115,106,110
53,63,39
14,26,31
8,13,10
42,87,46
116,144,108
106,114,116
58,65,53
57,58,55
68,67,63
135,134,133
75,63,76
46,38,64
72,73,76
122,111,120
96,99,97
15,32,25
65,55,72
77,67,66
146,156,133
66,77,94
87,80,79
110,117,144
126,146,135
147,112,144
92,99,96
26,19,25
76,67,53
81,80,99
149,150,129
141,106,154
2,114,137
102,78,62
139,142,138
82,80,90
36,33,85
41,49,40
103,99,96
88,81,66
144,154,145
89,78,74
54,53,80
112,153,108
23,38,64
138,142,137
83,65,74
104,96,99
34,38,90
18,19,14
134,145,115
3,74,36
80,90,79
79,90,84
74,69,67
62,61,58
31,27,38
132,142,96
56,55,94
143,129,152
63,53,65
27,37,33
99,75,95
133,118,106
93,95,103
91,79,90
100,92,104
153,112,115
90,88,80
105,145,106
124,149,129
156,150,129
95,96,99
98,96,94
69,59,65
82,80,90
91,90,79
44,40,49
92,99,96
37,31,32
135,134,133
54,53,80
134,145,115
153,112,115
141,154,106
145,112,141
13,4,6
83,65,74
93,95,103
147,144,112
2,114,137
31,38,27
62,61,58
154,112,117
15,25,32
100,104,92
84,88,72
68,67,63
34,90,38
53,63,39
27,33,37
148,145,106
77,66,67
119,148,152
14,31,26
110,117,144
69,59,65
156,150,129
74,67,69
26,25,19
131,141,138
102,78,62
42,87,46
96,99,97
155,111,116
99,95,75
98,94,96
95,96,99
116,108,144
36,33,85
139,138,142
48,34,45
88,81,66
149,129,150
55,61,58
46,38,64
70,67,93
41,40,49
94,81,99
79,90,84
85,82,79
57,55,58
52,41,40
58,53,65
124,129,149
66,94,77
76,53,67
61,53,64
115,110,106
87,80,79
142,138,141
59,63,53
146,156,133
143,129,152
71,73,94
105,145,106
90,80,88
133,118,106
144,145,154
56,94,55
138,142,137
39,33,38
126,135,146
32,45,30
38,29,33
112,153,108
137,133,122
104,96,99
49,40,43
65,72,55
3,74,36
129,117,148
75,63,76
80,90,79
107,112,134
103,99,96
8,10,13
24,25,76
63,53,65
81,80,99
47,39,44
152,134,151
72,73,76
122,120,111
33,37,72
106,114,116
89,74,78
132,142,96
120,129,151
23,38,64
43,49,27
113,115,153
18,19,14
55,61,58
131,138,141
8,10,13
62,58,61
120,129,151
156,150,129
104,99,96
81,99,80
152,151,134
32,30,45
76,53,67
119,148,152
85,82,79
48,45,34
68,63,67
116,108,144
75,63,76
99,75,95
144,154,145
112,108,153
126,146,135
41,49,40
66,77,94
31,27,38
87,80,79
139,142,138
53,63,39
145,112,141
43,49,27
124,129,149
91,90,79
23,64,38
13,6,4
80,90,79
146,156,133
153,112,115
84,88,72
72,73,76
33,37,72
46,64,38
141,106,154
44,40,49
69,65,59
65,55,72
57,58,55
106,114,116
89,78,74
71,94,73
34,38,90
92,99,96
2,114,137
148,145,106
147,112,144
38,29,33
18,19,14
56,55,94
155,111,116
143,129,152
3,36,74
134,145,115
129,117,148
42,46,87
70,67,93
103,99,96
138,142,137
154,112,117
52,41,40
90,80,88
59,53,63
105,145,106
49,43,40
113,153,115
54,53,80
149,129,150
37,31,32
95,96,99
100,92,104
94,99,81
27,33,37
110,144,117
122,120,111
88,81,66
58,65,53
39,38,33
63,65,53
74,69,67
102,78,62
96,97,99
135,134,133
61,64,53
47,44,39
82,80,90
133,118,106
79,90,84
107,112,134
83,65,74
142,138,141
137,133,122
24,25,76
115,110,106
93,95,103
26,25,19
15,25,32
14,26,31
98,96,94
77,66,67
36,33,85
132,142,96
65,63,61
31,27,37
76,53,77
41,45,40
50,45,49
131,141,138
141,132,114
132,138,142
47,44,41
64,59,63
77,66,67
94,81,87
36,33,37
152,151,134
81,80,99
17,15,20
63,53,58
120,129,148
122,120,143
74,69,53
139,138,156
134,112,145
114,106,116
147,144,148
85,90,82
99,95,75
22,45,47
38,31,29
104,99,96
110,153,112
102,78,96
148,153,145
155,111,147
70,99,53
72,73,65
32,30,42
118,107,142
66,77,94
156,152,150
113,150,153
29,32,38
112,153,117
84,73,88
149,150,152
82,90,80
87,90,80
56,55,77
145,144,112
39,38,30
103,99,96
91,79,80
43,49,40
62,58,61
96,99,95
151,148,149
26,25,19
68,67,53
146,111,150
107,112,144
98,94,96
150,117,112
129,153,148
71,94,78
142,138,134
37,31,32
133,118,140
144,154,142
153,112,134
49,43,41
137,133,149
27,30,33
14,28,26
34,29,32
44,40,49
55,61,58
119,154,148
115,110,106
83,94,65
54,65,53
12,10,82
90,88,80
5,13,54
105,145,116
60,57,59
126,118,146
33,37,30
116,112,114
13,6,4
80,87,90
88,81,66
124,129,149
111,108,146
48,45,38
57,55,58
127,154,148
135,134,148
53,65,64
61,63,56
106,114,116
15,49,25
79,90,84
75,63,81
138,142,141
154,112,108
2,106,114
143,129,124
100,104,92
24,16,25
26,19,25
57,58,55
56,55,77
102,96,78
127,154,148
91,80,79
82,90,80
152,134,151
81,80,99
138,142,141
31,37,27
134,112,145
133,140,118
54,65,53
24,16,25
83,94,65
129,153,148
147,144,148
27,30,33
154,108,112
118,107,142
107,112,144
34,32,29
55,58,61
149,152,150
122,120,143
94,81,87
104,99,96
33,30,37
65,63,61
137,149,133
43,49,40
22,47,45
5,13,54
12,10,82
100,104,92
17,15,20
124,129,149
113,153,150
62,58,61
76,77,53
61,63,56
77,67,66
53,65,64
44,40,49
99,95,75
71,94,78
146,111,150
88,81,66
145,112,144
13,6,4
74,69,53
148,145,153
110,153,112
15,25,49
38,31,29
29,32,38
98,96,94
85,82,90
79,90,84
64,63,59
36,37,33
139,138,156
156,150,152
2,106,114
14,26,28
70,99,53
144,154,142
111,108,146
80,90,87
115,110,106
106,114,116
131,138,141
116,114,112
63,53,58
66,94,77
119,148,154
49,41,43
142,138,134
132,142,138
141,132,114
47,44,41
72,73,65
68,67,53
37,32,31
120,129,148
60,59,57
103,99,96
105,145,116
135,134,148
153,112,134
32,30,42
48,45,38
151,149,148
143,124,129
150,112,117
41,45,40
112,117,153
155,111,147
87,90,80
50,49,45
84,88,73
96,99,95
75,81,63
39,30,38
90,88,80
114,116,106
126,146,118
80,87,90
49,41,43
139,138,156
152,151,134
85,90,82
120,129,148
33,37,30
24,16,25
38,29,31
104,99,96
90,80,88
29,32,38
82,80,90
39,30,38
144,154,142
122,120,143
156,150,152
60,57,59
22,47,45
135,134,148
100,104,92
83,94,65
114,106,116
71,78,94
151,149,148
134,145,112
14,26,28
37,31,32
112,117,153
111,146,108
65,63,61
118,142,107
57,55,58
126,146,118
143,129,124
5,13,54
55,58,61
103,99,96
32,30,42
50,45,49
146,150,111
154,108,112
99,95,75
74,69,53
141,132,114
153,112,134
61,63,56
36,33,37
15,49,25
155,111,147
48,45,38
47,44,41
127,154,148
107,112,144
116,114,112
149,150,152
68,67,53
56,55,77
63,58,53
54,53,65
17,20,15
148,153,145
31,27,37
77,67,66
106,114,116
124,129,149
96,99,95
131,138,141
129,153,148
43,40,49
138,142,141
132,142,138
110,153,112
142,138,134
76,53,77
133,140,118
98,94,96
84,88,73
12,10,82
81,80,99
34,29,32
88,66,81
70,99,53
91,79,80
2,106,114
79,90,84
72,73,65
137,133,149
26,19,25
41,45,40
147,148,144
44,40,49
87,80,90
62,61,58
53,65,64
119,148,154
75,81,63
66,77,94
115,110,106
13,6,4
150,117,112
145,144,112
27,33,30
113,150,153
105,145,116
94,87,81
64,63,59
102,78,96
152,134,151
94,99,81
77,67,64
64,63,53
121,127,6
65,63,61
38,29,27
139,138,60
104,99,64
51,44,40
156,150,63
55,61,58
63,65,60
153,152,112
84,88,75
34,38,87
53,63,65
39,30,34
26,18,25
91,80,79
99,96,95
115,110,154
31,27,80
88,85,81
137,140,133
87,80,79
48,45,26
54,53,145
110,153,126
80,90,81
142,138,152
18,19,25
90,80,88
117,150,111
75,81,63
57,58,55
20,18,19
58,65,53
74,69,67
81,80,77
143,151,129
96,99,65
13,11,6
50,45,49
150,117,112
149,144,150
68,67,53
61,63,53
12,3,10
120,129,151
36,37,33
106,114,108
93,95,81
138,142,137
102,62,78
105,145,146
70,99,53
155,111,106
114,108,106
145,112,119
119,148,140
79,84,90
2,106,88
154,133,112
124,129,151
56,55,41
126,146,108
66,55,77
30,31,28
27,37,30
41,49,45
122,120,146
29,32,26
59,63,65
25,23,14
52,41,34
130,154,134
135,134,150
17,15,20
107,112,91
132,142,145
85,79,63
37,38,32
7,10,13
8,10,79
43,49,3
92,99,77
144,154,106
44,40,56
95,96,99
33,37,42
112,117,150
62,61,53
14,26,31
82,88,90
11,6,82
98,96,59
47,40,44
127,148,98
32,30,67
101,103,59
76,67,74
103,99,98
83,94,48
129,148,126
131,9,141
86,91,84
133,118,140
37,32,38
127,148,98
38,27,29
14,26,31
103,98,99
104,99,64
41,49,45
48,45,26
70,99,53
119,140,148
32,30,67
36,37,33
137,133,140
143,129,151
95,99,96
124,129,151
57,58,55
12,10,3
121,127,6
106,108,114
122,120,146
142,138,152
74,69,67
30,31,28
25,14,23
68,67,53
87,80,79
47,44,40
75,81,63
98,96,59
154,112,133
17,15,20
64,53,63
80,90,81
145,112,119
8,10,79
149,150,144
152,151,134
39,30,34
11,6,82
133,140,118
131,141,9
94,99,81
86,91,84
26,25,18
93,95,81
59,63,65
105,145,146
126,108,146
62,53,61
31,27,80
135,134,150
156,150,63
54,53,145
112,150,117
155,106,111
79,90,84
20,19,18
63,65,60
144,154,106
110,153,126
129,126,148
61,63,53
76,74,67
50,49,45
65,63,61
130,134,154
33,37,42
115,110,154
132,142,145
117,150,111
138,142,137
55,61,58
107,112,91
81,80,77
53,65,63
84,88,75
99,96,95
56,55,41
85,79,63
101,103,59
43,49,3
90,80,88
13,6,11
44,40,56
18,19,25
91,79,80
66,77,55
82,88,90
96,99,65
27,30,37
51,40,44
83,94,48
88,85,81
92,99,77
153,152,112
150,117,112
58,65,53
7,13,10
52,41,34
2,106,88
29,32,26
34,38,87
120,129,151
114,106,108
102,62,78
139,138,60
77,67,64
70,99,53
85,79,63
138,142,137
92,99,77
8,10,79
137,140,133
51,40,44
84,88,75
68,53,67
154,133,112
61,53,63
124,129,151
127,148,98
86,91,84
143,129,151
18,19,25
32,30,67
54,53,145
114,108,106
66,77,55
129,126,148
107,112,91
121,127,6
41,45,49
55,61,58
120,129,151
149,150,144
75,81,63
59,63,65
106,114,108
47,44,40
37,32,38
53,63,65
14,31,26
96,99,65
74,67,69
133,118,140
38,29,27
63,60,65
48,45,26
132,142,145
103,98,99
26,18,25
52,41,34
29,32,26
27,37,30
99,96,95
135,134,150
93,95,81
145,112,119
112,150,117
57,55,58
105,145,146
156,150,63
36,33,37
62,61,53
126,146,108
79,84,90
20,18,19
104,99,64
87,80,79
81,80,77
122,120,146
56,55,41
153,112,152
33,37,42
83,94,48
102,62,78
82,90,88
77,67,64
139,138,60
155,106,111
39,34,30
44,40,56
110,153,126
130,154,134
115,110,154
43,49,3
17,20,15
80,90,81
88,85,81
95,99,96
144,106,154
34,38,87
12,10,3
152,151,134
131,141,9
117,150,111
91,79,80
58,53,65
64,63,53
7,13,10
90,80,88
119,148,140
50,45,49
30,31,28
142,138,152
25,14,23
150,117,112
31,27,80
11,6,82
13,6,11
98,96,59
76,74,67
2,106,88
101,103,59
94,99,81
65,61,63
155,156,106
93,99,95
135,134,119
126,146,85
38,29,31
71,94,78
72,73,76
115,110,143
82,88,90
81,82,80
112,117,146
8,10,13
142,138,58
39,37,34
61,63,57
84,88,57
133,118,148
150,112,134
88,85,81
20,15,18
131,141,9
130,134,154
98,96,78
19,18,66
96,99,75
117,150,111
74,67,85
68,67,75
101,103,95
66,71,77
77,67,66
13,6,4
41,45,49
47,40,44
154,112,133
83,94,58
129,126,148
75,53,81
37,27,32
48,45,59
55,61,58
105,145,144
103,99,75
85,82,90
144,154,138
32,30,45
43,49,60
53,63,148
65,63,86
2,106,133
56,55,140
58,53,67
27,30,37
31,27,50
153,112,133
139,142,138
124,129,120
57,58,55
33,30,27
64,63,53
17,23,15
36,37,27
7,10,13
156,150,97
143,124,129
50,49,45
94,99,81
119,148,105
14,23,26
87,80,90
79,90,84
59,63,53
11,6,144
62,53,61
5,74,60
99,96,57
54,65,53
149,150,127
86,88,91
80,90,39
132,142,138
100,104,44
107,109,112
90,88,80
30,28,65
152,151,98
127,148,154
1,5,39
104,99,96
15,23,31
138,142,76
76,67,74
34,38,81
137,140,133
95,99,75
25,14,50
51,40,44
29,32,148
145,150,112
70,67,99
120,124,129
97,99,104
12,13,10
91,90,14
44,40,49
63,64,65
114,106,108
102,96,62
51,44,40
56,55,140
19,18,66
55,61,58
2,133,106
80,90,39
48,45,59
33,27,30
143,124,129
133,148,118
63,64,65
32,30,45
95,99,75
74,67,85
64,63,53
130,154,134
7,10,13
124,129,120
68,75,67
129,148,126
98,96,78
1,5,39
54,53,65
43,49,60
126,146,85
15,23,31
103,99,75
72,76,73
135,134,119
94,81,99
150,112,134
152,151,98
31,27,50
41,49,45
90,88,80
139,142,138
112,117,146
59,53,63
38,29,31
87,90,80
96,99,75
132,142,138
153,112,133
115,110,143
102,96,62
27,30,37
57,58,55
36,37,27
8,13,10
14,23,26
84,88,57
50,45,49
25,14,50
76,67,74
120,129,124
29,32,148
119,148,105
156,150,97
86,88,91
100,104,44
142,138,58
91,90,14
75,81,53
11,6,144
58,53,67
155,156,106
127,154,148
85,82,90
81,82,80
65,63,86
44,40,49
13,4,6
82,90,88
17,15,23
101,103,95
53,63,148
114,106,108
61,63,57
34,38,81
39,37,34
104,99,96
37,27,32
12,10,13
5,74,60
20,15,18
138,142,76
66,71,77
105,144,145
88,85,81
131,141,9
117,150,111
149,150,127
144,154,138
99,96,57
97,99,104
83,94,58
62,53,61
154,112,133
30,28,65
47,40,44
145,112,150
70,99,67
137,140,133
107,109,112
93,99,95
71,94,78
79,90,84
77,67,66
47,44,40
102,96,62
81,80,82
117,150,111
153,112,133
90,88,80
13,4,6
8,10,13
57,58,55
139,138,142
11,6,144
77,66,67
129,148,126
152,151,98
93,99,95
17,15,23
133,118,148
65,63,86
41,49,45
64,63,53
2,106,133
56,55,140
75,53,81
115,110,143
48,45,59
71,94,78
53,63,148
58,53,67
82,90,88
105,145,144
7,13,10
135,134,119
104,99,96
96,99,75
50,45,49
150,112,134
138,142,76
155,106,156
87,90,80
37,32,27
144,154,138
62,61,53
25,14,50
70,99,67
68,75,67
51,44,40
132,142,138
54,65,53
95,99,75
80,90,39
142,138,58
61,63,57
94,99,81
59,63,53
145,150,112
97,104,99
63,65,64
44,49,40
84,88,57
112,117,146
131,141,9
143,129,124
127,154,148
85,82,90
27,37,30
43,49,60
98,96,78
156,150,97
120,129,124
137,133,140
83,94,58
36,37,27
101,103,95
99,57,96
5,74,60
103,99,75
55,61,58
154,133,112
130,154,134
126,146,85
74,85,67
30,28,65
91,90,14
124,120,129
100,104,44
32,30,45
38,29,31
119,148,105
76,67,74
66,77,71
88,85,81
86,91,88
39,37,34
20,15,18
31,27,50
72,76,73
29,32,148
15,23,31
34,38,81
33,30,27
19,18,66
107,112,109
79,84,90
12,13,10
149,150,127
1,5,39
14,23,26
114,108,106
5,13,74
133,149,118
98,96,94
81,80,82
19,18,56
25,14,23
15,23,49
31,27,37
92,96,99
107,112,54
97,104,77
39,37,32
124,129,120
126,148,146
63,53,78
80,87,90
1,2,5
79,84,80
103,85,99
127,107,148
96,99,97
142,138,75
134,144,90
109,144,85
95,99,96
47,40,44
38,37,29
74,69,67
143,124,129
145,144,112
112,150,117
56,55,61
87,88,80
85,79,82
106,108,114
20,15,18
54,65,61
7,13,10
150,117,112
156,150,12
27,37,61
58,56,53
154,115,112
53,63,69
62,56,61
44,49,40
66,77,25
36,37,30
138,142,134
155,154,111
114,106,108
24,25,26
83,89,94
30,28,27
61,63,53
139,142,141
77,66,67
29,32,145
2,10,106
99,96,94
12,10,13
65,63,55
91,80,79
13,4,6
14,31,23
113,145,150
50,40,45
90,80,88
130,154,138
152,154,151
129,146,148
64,63,59
104,99,96
135,134,154
59,63,53
78,65,87
8,10,13
68,75,67
86,91,89
149,150,79
153,152,112
55,61,58
120,124,129
48,45,56
119,148,118
82,88,90
93,95,67
57,65,55
144,154,145
37,31,32
71,94,104
33,30,37
70,99,91
76,65,75
132,140,138
41,49,65
34,38,29
151,149,72
6,11,129
51,44,40
43,49,40
32,30,74
88,85,81
131,141,34
101,103,36
94,99,76
105,145,144
84,88,55
61,63,53
127,148,107
7,10,13
30,28,27
27,37,61
31,27,37
91,79,80
82,90,88
105,144,145
71,94,104
13,4,6
80,87,90
143,129,124
93,95,67
2,10,106
59,63,53
120,129,124
104,99,96
107,112,54
34,38,29
81,80,82
109,144,85
41,49,65
95,96,99
74,69,67
124,129,120
15,23,49
44,40,49
133,149,118
94,99,76
132,138,140
90,88,80
12,10,13
150,117,112
53,63,69
37,31,32
66,77,25
65,63,55
1,2,5
99,96,94
78,65,87
14,23,31
47,44,40
70,99,91
32,30,74
112,150,117
119,118,148
149,150,79
103,99,85
63,53,78
62,56,61
98,94,96
84,88,55
24,25,26
5,13,74
50,40,45
86,91,89
19,18,56
126,148,146
38,29,37
56,55,61
64,63,59
68,67,75
113,145,150
134,144,90
51,40,44
106,108,114
88,81,85
156,150,12
76,65,75
153,152,112
139,142,141
6,11,129
48,45,56
96,97,99
97,104,77
58,56,53
154,112,115
130,154,138
145,144,112
36,37,30
39,32,37
20,18,15
43,49,40
29,32,145
83,89,94
57,65,55
77,66,67
54,65,61
155,154,111
135,154,134
101,103,36
25,14,23
129,146,148
152,154,151
87,80,88
131,141,34
151,149,72
138,142,134
55,61,58
8,13,10
85,79,82
33,30,37
79,84,80
92,99,96
142,138,75
114,108,106
144,145,154
65,63,55
43,40,49
87,88,80
59,53,63
79,80,84
57,65,55
139,142,141
84,88,55
94,99,76
97,77,104
107,112,54
54,65,61
29,32,145
132,140,138
127,107,148
31,27,37
24,25,26
76,65,75
61,63,53
12,10,13
7,10,13
93,95,67
135,134,154
41,49,65
101,103,36
1,5,2
51,44,40
80,90,87
113,150,145
91,79,80
34,38,29
95,96,99
86,91,89
19,18,56
155,154,111
114,106,108
104,96,99
96,99,97
99,94,96
81,80,82
53,63,69
144,154,145
2,10,106
25,14,23
129,148,146
55,61,58
27,37,61
149,150,79
13,6,4
85,79,82
124,129,120
83,94,89
36,37,30
63,53,78
131,141,34
120,129,124
47,44,40
33,37,30
32,30,74
68,67,75
78,65,87
30,27,28
14,23,31
15,23,49
64,63,59
151,149,72
62,56,61
150,117,112
5,13,74
126,146,148
38,29,37
145,112,144
92,99,96
138,142,134
133,118,149
142,138,75
48,45,56
130,154,138
153,152,112
77,67,66
70,99,91
112,150,117
156,150,12
20,15,18
152,154,151
103,99,85
106,108,114
98,96,94
74,67,69
66,77,25
71,94,104
143,124,129
37,31,32
58,53,56
8,13,10
109,144,85
44,49,40
119,148,118
105,145,144
154,115,112
56,61,55
82,90,88
88,85,81
50,40,45
6,11,129
39,37,32
134,144,90
90,80,88
42,2,130
119,151,17
148,97,34
76,73,119
64,80,146
70,71,125
55,73,139
108,67,48
14,31,35
146,129,71
21,57,88
91,69,39
41,22,80
41,14,136
27,62,117
84,103,10
125,121,94
97,9,34
68,9,147
90,75,124
136,54,48
47,144,156
132,123,72
103,16,143
29,33,118
13,17,144
142,14,17
40,86,123
74,86,19
36,124,129
89,76,93
26,33,110
9,38,92
35,128,111
33,37,110
69,77,40
143,124,5
77,62,19
49,50,135
67,14,121
21,24,35
124,108,144
30,44,130
121,122,103
31,67,120
129,146,41
107,98,3
86,82,137
16,13,53
50,76,87
95,65,4
66,70,8
49,52,136
129,112,91
42,2,130
148,34,97
50,87,76
31,67,120
77,62,19
9,38,92
29,33,118
95,65,4
67,14,121
26,33,110
124,108,144
33,37,110
74,19,86
49,50,135
16,53,13
91,69,39
66,70,8
40,86,123
36,124,129
64,80,146
121,122,103
146,129,71
136,54,48
129,146,41
143,124,5
30,44,130
108,67,48
49,52,136
21,57,88
119,151,17
97,34,9
125,121,94
13,17,144
35,111,128
21,24,35
132,123,72
76,73,119
107,98,3
86,82,137
84,103,10
142,17,14
68,147,9
129,112,91
55,73,139
41,14,136
89,76,93
69,77,40
27,62,117
14,31,35
41,22,80
103,143,16
47,156,144
90,75,124
70,71,125
121,122,103
13,65,141
64,80,146
107,98,3
26,33,110
108,67,48
13,17,144
29,33,118
141,116,36
41,22,80
108,152,11
86,82,137
55,73,139
70,71,125
21,57,88
80,98,19
49,50,135
125,121,94
49,52,136
89,93,76
78,77,114
76,73,119
132,123,72
147,124,142
26,94,152
129,112,91
109,54,35
90,75,124
47,144,156
50,76,87
41,14,136
68,9,147
129,146,41
120,145,37
27,62,117
77,54,132
42,2,130
117,118,72
95,65,4
16,13,53
35,111,128
86,88,32
137,129,63
74,86,19
124,144,108
146,129,71
30,44,130
118,114,55
143,124,5
148,97,34
91,69,39
77,62,19
5,139,53
97,9,34
84,103,10
67,14,121
69,77,40
136,48,54
31,67,120
153,146,93
36,124,129
142,14,17
33,37,110
119,151,17
55,98,125
142,99,26
40,123,86
21,24,35
103,143,16
9,38,92
66,70,8
14,31,35
119,151,17
49,52,136
78,77,114
117,118,72
26,94,152
50,76,87
136,54,48
13,141,65
80,98,19
27,62,117
91,69,39
120,145,37
66,70,8
13,17,144
86,88,32
143,124,5
41,22,80
14,35,31
84,10,103
40,123,86
29,33,118
148,97,34
77,62,19
31,67,120
141,116,36
36,124,129
146,129,71
142,17,14
64,80,146
124,144,108
30,130,44
95,4,65
74,86,19
129,146,41
103,143,16
132,123,72
142,99,26
108,67,48
21,88,57
108,152,11
121,122,103
68,9,147
90,75,124
35,128,111
76,73,119
97,9,34
9,92,38
16,13,53
33,37,110
118,114,55
125,121,94
89,76,93
41,14,136
55,98,125
147,124,142
137,129,63
129,112,91
42,2,130
55,73,139
49,50,135
21,24,35
26,33,110
86,82,137
70,71,125
153,146,93
69,77,40
77,54,132
5,53,139
47,156,144
107,98,3
109,54,35
67,14,121
55,98,125
29,118,33
21,57,88
142,17,14
86,88,32
70,71,125
13,144,17
95,65,4
40,123,86
77,62,19
147,124,142
16,53,13
27,117,62
136,54,48
76,119,73
35,128,111
78,77,114
129,91,112
124,144,108
80,98,19
77,54,132
68,9,147
64,146,80
148,97,34
129,41,146
49,136,52
31,120,67
119,151,17
13,141,65
132,72,123
5,53,139
14,35,31
42,130,2
69,40,77
84,10,103
146,71,129
107,3,98
120,37,145
41,136,14
89,76,93
86,82,137
26,33,110
103,143,16
153,93,146
141,116,36
21,35,24
137,63,129
108,48,67
36,129,124
49,50,135
74,86,19
33,37,110
91,39,69
117,118,72
109,54,35
67,14,121
41,22,80
9,38,92
142,26,99
90,124,75
55,139,73
118,55,114
66,8,70
30,44,130
47,156,144
50,87,76
143,5,124
125,121,94
26,152,94
108,11,152
97,9,34
121,122,103
42,6,134
137,138,146
2,125,129
98,46,21
111,152,149
92,121,116
66,57,5
65,85,59
14,53,24
22,143,107
70,101,107
22,75,140
149,115,19
87,20,134
138,119,8
84,15,25
109,118,28
145,89,23
1,3,62
8,86,98
82,96,119
22,41,100
91,85,115
125,119,55
118,138,38
138,133,85
30,72,5
135,128,72
140,74,25
126,123,122
5,38,87
51,135,124
97,132,18
85,84,5
49,106,118
91,69,135
11,146,113
63,3,146
85,57,5
106,107,119
109,104,71
127,84,24
112,19,101
137,73,95
90,83,53
156,121,55
83,19,39
148,141,102
17,82,102
141,149,114
38,37,92
44,70,53
25,42,146
33,101,85
108,116,135
149,101,4
98,102,25
152,128,4
145,127,69
23,115,105
109,1,29
89,60,130
60,26,82
101,7,106
42,28,131
91,19,132
18,143,107
151,105,129
142,77,60
81,73,28
123,155,110
37,132,149
31,15,49
140,79,120
118,96,103
144,79,26
126,120,134
71,35,16
99,81,20
88,107,48
88,27,119
36,52,18
46,93,88
50,47,69
31,137,108
34,15,2
28,45,134
3,114,107
66,68,35
10,31,115
46,93,88
112,19,101
33,101,85
88,27,119
34,15,2
148,141,102
60,82,26
88,107,48
138,8,119
44,53,70
1,3,62
106,107,119
140,120,79
108,116,135
50,47,69
123,155,110
118,96,103
81,73,28
152,128,4
101,106,7
37,149,132
66,57,5
63,3,146
111,152,149
25,42,146
92,121,116
30,72,5
18,143,107
31,15,49
97,18,132
17,82,102
125,119,55
126,123,122
42,134,6
36,52,18
3,114,107
42,28,131
91,85,115
109,29,1
98,21,46
145,89,23
98,102,25
118,138,38
84,15,25
65,59,85
38,37,92
22,143,107
135,72,128
138,133,85
28,134,45
66,68,35
22,75,140
89,60,130
8,98,86
83,39,19
141,114,149
127,24,84
5,87,38
156,121,55
151,129,105
22,41,100
109,104,71
51,135,124
14,53,24
149,115,19
145,127,69
91,69,135
23,105,115
140,74,25
31,137,108
49,106,118
11,113,146
91,19,132
137,138,146
87,20,134
137,73,95
70,101,107
126,134,120
142,60,77
149,4,101
10,115,31
90,83,53
85,84,5
109,28,118
99,81,20
85,57,5
2,125,129
144,79,26
82,96,119
71,35,16
149,115,19
137,73,95
66,57,5
30,72,5
91,69,135
31,49,15
3,114,107
151,105,129
109,104,71
31,108,137
99,81,20
152,128,4
112,101,19
22,140,75
92,116,121
42,28,131
98,21,46
10,115,31
142,77,60
111,152,149
2,125,129
91,19,132
25,42,146
70,101,107
50,47,69
145,89,23
36,18,52
17,82,102
88,119,27
118,138,38
51,124,135
8,98,86
144,26,79
63,3,146
14,53,24
137,146,138
28,45,134
42,6,134
46,88,93
87,20,134
148,141,102
138,85,133
85,57,5
71,35,16
90,53,83
38,92,37
109,118,28
145,127,69
89,60,130
126,120,134
156,55,121
123,110,155
82,96,119
118,103,96
140,74,25
125,119,55
81,73,28
108,116,135
84,25,15
33,85,101
22,143,107
83,39,19
109,1,29
91,85,115
44,53,70
135,128,72
149,4,101
1,3,62
127,24,84
66,68,35
106,107,119
141,149,114
18,143,107
98,102,25
138,119,8
85,84,5
34,15,2
126,123,122
60,26,82
97,18,132
49,106,118
101,106,7
65,59,85
88,48,107
140,120,79
11,146,113
37,149,132
23,105,115
5,87,38
22,41,100
73,156,131
14,66,101
17,120,69
43,137,79
68,110,121
60,104,13
133,155,5
51,43,76
95,156,111
83,96,51
144,91,1
85,106,146
49,100,125
122,132,32
104,53,23
61,31,102
79,149,121
60,59,36
96,134,145
149,131,83
58,15,13
88,104,130
86,77,144
26,67,65
33,69,50
56,73,135
52,94,58
8,12,20
79,39,64
66,43,151
36,77,22
97,106,151
130,119,85
41,49,101
81,71,10
120,79,29
79,90,134
153,155,122
7,85,90
67,71,112
85,80,89
133,35,72
115,116,131
56,62,152
13,39,76
46,73,118
27,69,58
155,150,17
47,78,130
1,144,75
67,85,100
4,142,138
5,4,78
5,39,22
3,4,64
52,49,139
33,46,9
132,109,93
82,78,152
45,61,16
52,82,140
137,116,70
34,91,50
110,52,76
91,125,107
77,28,108
86,90,43
79,76,16
65,64,143
5,136,82
69,30,2
7,61,74
122,123,19
55,79,40
89,100,43
125,35,77
46,26,136
35,42,122
32,29,52
78,10,9
106,100,71
28,54,141
79,60,135
76,31,131
69,96,153
55,5,2
86,151,122
47,4,106
34,129,111
37,49,18
5,136,82
88,104,130
41,49,101
133,35,72
46,73,118
13,39,76
125,35,77
83,96,51
3,4,64
36,77,22
4,138,142
47,4,106
37,18,49
45,61,16
68,110,121
52,49,139
55,2,5
155,150,17
85,146,106
122,123,19
61,31,102
91,125,107
137,116,70
67,71,112
81,71,10
65,64,143
17,69,120
33,50,69
34,111,129
79,64,39
32,29,52
26,67,65
1,75,144
5,4,78
86,144,77
76,31,131
47,78,130
43,137,79
79,149,121
106,71,100
52,82,140
58,15,13
79,76,16
56,73,135
69,30,2
69,96,153
28,54,141
55,79,40
104,53,23
49,100,125
35,42,122
34,91,50
5,39,22
56,62,152
46,26,136
153,155,122
14,66,101
27,58,69
120,79,29
85,89,80
60,104,13
133,5,155
115,116,131
97,151,106
7,74,61
132,109,93
86,90,43
8,12,20
79,60,135
77,28,108
51,43,76
110,52,76
144,91,1
130,119,85
67,85,100
122,132,32
79,90,134
89,100,43
60,59,36
66,151,43
52,58,94
96,145,134
73,156,131
33,46,9
82,78,152
78,10,9
149,131,83
95,111,156
86,151,122
7,90,85
52,58,94
73,156,131
88,104,130
86,90,43
96,145,134
52,49,139
34,111,129
153,155,122
86,122,151
13,39,76
61,102,31
46,26,136
49,100,125
78,9,10
5,4,78
35,42,122
79,39,64
81,71,10
60,59,36
69,30,2
27,58,69
56,62,152
58,15,13
66,43,151
5,136,82
115,116,131
33,46,9
52,82,140
3,4,64
47,106,4
76,131,31
69,96,153
8,12,20
122,32,132
33,69,50
130,119,85
79,121,149
67,71,112
97,106,151
46,73,118
155,150,17
137,116,70
45,61,16
14,66,101
82,78,152
47,78,130
77,28,108
89,100,43
4,142,138
51,43,76
32,29,52
83,96,51
85,106,146
110,76,52
65,64,143
1,144,75
7,90,85
26,65,67
104,53,23
79,76,16
79,90,134
68,110,121
85,89,80
86,77,144
5,39,22
125,77,35
36,22,77
122,123,19
17,69,120
55,2,5
41,49,101
95,156,111
34,50,91
106,71,100
28,54,141
79,60,135
67,85,100
7,61,74
91,125,107
55,79,40
60,104,13
144,1,91
43,137,79
133,72,35
132,93,109
120,79,29
149,131,83
56,73,135
133,155,5
37,49,18
65,64,143
5,136,82
76,31,131
26,67,65
41,49,101
3,4,64
88,104,130
60,59,36
130,119,85
47,78,130
106,71,100
96,145,134
110,76,52
66,43,151
43,79,137
49,100,125
52,94,58
85,106,146
60,104,13
67,100,85
86,151,122
104,53,23
45,61,16
89,100,43
122,123,19
97,106,151
13,39,76
7,90,85
56,62,152
32,29,52
85,89,80
34,111,129
137,116,70
79,90,134
27,69,58
46,26,136
73,156,131
120,79,29
5,4,78
17,69,120
133,35,72
5,39,22
34,50,91
35,42,122
55,79,40
69,96,153
79,60,135
83,96,51
4,138,142
56,73,135
33,46,9
82,78,152
69,30,2
77,28,108
1,75,144
36,77,22
37,18,49
14,66,101
58,15,13
132,93,109
86,77,144
68,110,121
95,156,111
28,54,141
61,102,31
79,39,64
149,131,83
47,4,106
115,116,131
51,43,76
46,73,118
153,155,122
79,121,149
7,74,61
8,12,20
144,91,1
122,132,32
78,9,10
33,69,50
81,71,10
52,49,139
133,155,5
125,77,35
155,150,17
86,90,43
52,82,140
67,71,112
79,76,16
55,2,5
91,125,107
97,86,115
140,54,26
102,126,116
75,72,108
36,137,130
135,35,21
85,31,128
114,115,17
38,98,107
59,3,42
76,39,135
46,130,150
131,5,56
69,73,108
147,1,141
145,118,79
38,146,108
138,118,125
130,123,12
16,60,137
138,26,51
77,153,22
26,63,32
11,8,15
46,33,151
54,44,2
25,50,114
107,1,29
70,99,51
102,98,43
68,147,17
123,40,149
130,90,28
75,112,117
70,58,40
147,153,6
72,23,41
78,64,123
153,62,53
65,1,121
75,87,153
131,120,110
14,59,131
12,118,45
108,151,99
12,38,29
128,9,71
141,94,101
65,58,84
116,144,58
37,1,127
125,136,57
148,153,128
8,66,115
140,108,90
54,48,130
85,127,148
69,81,143
111,125,35
133,99,29
75,19,10
46,33,91
121,128,105
143,94,55
102,77,138
36,101,9
25,34,101
59,125,13
81,66,60
108,112,47
8,9,117
58,40,32
43,1,10
45,19,76
108,137,121
106,133,45
104,1,132
38,50,100
71,113,117
110,75,24
85,35,124
93,15,34
32,26,4
87,21,41
23,32,142
44,32,75
59,98,24
12,85,116
27,50,55
12,142,116
111,125,35
43,10,1
114,115,17
38,108,146
25,50,114
23,32,142
81,66,60
104,1,132
37,1,127
108,151,99
26,32,63
59,42,3
69,73,108
135,35,21
32,26,4
153,62,53
78,64,123
27,55,50
70,99,51
133,99,29
12,85,116
140,26,54
36,101,9
140,108,90
46,33,91
69,81,143
75,87,153
65,58,84
54,48,130
138,26,51
75,19,10
102,126,116
70,58,40
25,101,34
11,8,15
106,133,45
147,1,141
72,41,23
102,98,43
12,29,38
54,44,2
102,77,138
107,1,29
77,153,22
75,117,112
145,118,79
58,32,40
12,45,118
116,144,58
87,21,41
130,123,12
46,130,150
65,1,121
59,125,13
44,32,75
8,66,115
141,101,94
128,9,71
108,112,47
97,86,115
110,24,75
16,60,137
93,15,34
85,127,148
38,50,100
46,33,151
68,17,147
138,125,118
108,137,121
131,120,110
148,153,128
143,94,55
85,128,31
12,142,116
131,5,56
14,59,131
45,19,76
59,24,98
85,35,124
76,39,135
123,40,149
147,153,6
38,107,98
71,113,117
36,137,130
121,105,128
130,90,28
75,72,108
8,9,117
125,136,57
143,94,55
93,15,34
69,143,81
12,29,38
8,66,115
70,40,58
75,153,87
102,98,43
110,75,24
11,8,15
85,35,124
102,77,138
138,118,125
123,149,40
75,19,10
69,73,108
75,112,117
75,72,108
25,101,34
54,44,2
135,35,21
46,33,151
140,108,90
54,130,48
77,22,153
27,50,55
138,51,26
108,137,121
147,1,141
107,29,1
131,5,56
25,50,114
8,9,117
108,112,47
128,71,9
44,32,75
72,41,23
16,137,60
43,1,10
130,123,12
38,50,100
78,64,123
121,128,105
36,137,130
148,153,128
46,150,130
46,33,91
32,4,26
147,153,6
85,127,148
45,19,76
108,151,99
111,125,35
106,133,45
133,99,29
37,1,127
58,40,32
65,58,84
114,115,17
12,116,85
141,101,94
97,86,115
130,90,28
59,98,24
116,144,58
153,62,53
85,31,128
76,39,135
102,116,126
59,13,125
36,9,101
38,108,146
87,21,41
38,98,107
104,1,132
12,142,116
59,42,3
23,32,142
125,136,57
26,63,32
71,113,117
70,99,51
12,118,45
68,17,147
140,54,26
14,59,131
145,118,79
81,66,60
131,110,120
65,121,1
88,97,100
7,138,70
106,100,149
41,5,131
149,28,4
13,132,155
29,57,43
145,148,28
5,64,103
136,122,5
150,104,20
115,117,105
105,4,32
104,136,145
64,143,106
21,60,13
100,93,20
63,61,151
85,21,136
115,153,55
126,143,133
32,62,128
69,47,15
66,32,132
115,133,24
28,2,13
15,16,124
98,29,45
54,37,3
86,119,32
103,53,147
116,110,40
29,150,105
11,30,14
119,52,44
79,77,35
52,100,136
142,109,53
152,119,76
64,103,74
53,137,112
99,69,51
154,6,67
98,38,24
152,11,10
120,3,19
140,122,53
40,55,122
30,99,149
130,126,34
9,98,16
63,144,156
135,129,22
97,52,74
132,65,60
37,14,113
122,134,111
39,77,25
96,101,111
14,96,119
146,123,58
153,26,43
124,141,114
109,94,145
136,10,37
49,72,110
3,46,83
65,97,30
80,83,116
6,137,25
139,20,93
10,24,17
113,34,142
86,105,59
26,53,151
17,102,133
154,141,36
17,27,110
59,75,1
122,138,55
1,138,149
87,50,121
144,48,74
68,32,72
52,18,142
62,111,149
130,78,47
60,94,120
87,108,148
43,47,141
85,21,136
66,32,132
149,4,28
30,99,149
152,11,10
3,46,83
139,20,93
154,6,67
86,59,105
145,148,28
10,17,24
100,93,20
68,72,32
26,53,151
11,30,14
39,25,77
154,141,36
98,45,29
32,62,128
29,57,43
87,50,121
88,97,100
130,78,47
41,5,131
122,138,55
62,149,111
52,100,136
14,96,119
113,142,34
49,72,110
60,94,120
146,123,58
65,97,30
37,14,113
115,133,24
153,43,26
106,149,100
43,47,141
64,74,103
132,65,60
103,53,147
28,2,13
52,18,142
9,98,16
6,25,137
144,74,48
124,141,114
120,19,3
136,10,37
142,109,53
17,27,110
122,134,111
99,69,51
17,102,133
126,143,133
63,61,151
64,143,106
69,47,15
59,75,1
97,74,52
119,44,52
54,3,37
1,138,149
87,148,108
86,32,119
29,105,150
7,138,70
63,156,144
115,153,55
21,60,13
5,64,103
115,105,117
140,122,53
53,137,112
80,83,116
136,122,5
150,104,20
104,136,145
152,119,76
98,38,24
135,129,22
105,4,32
15,16,124
116,110,40
130,126,34
40,55,122
13,132,155
109,145,94
96,101,111
79,77,35
53,137,112
124,141,114
1,138,149
145,148,28
63,156,144
153,26,43
109,145,94
43,47,141
115,105,117
122,111,134
126,143,133
85,21,136
28,2,13
17,27,110
122,138,55
37,14,113
106,149,100
79,77,35
39,25,77
14,96,119
10,17,24
100,93,20
7,138,70
30,99,149
142,109,53
68,72,32
49,72,110
64,143,106
104,136,145
139,93,20
66,32,132
65,30,97
54,37,3
152,11,10
149,4,28
116,110,40
98,38,24
120,19,3
32,62,128
146,123,58
103,53,147
113,142,34
21,60,13
9,98,16
115,133,24
136,10,37
41,5,131
87,108,148
98,45,29
154,141,36
64,74,103
105,4,32
144,74,48
136,122,5
17,102,133
88,97,100
86,105,59
96,101,111
52,100,136
60,94,120
119,44,52
150,104,20
52,18,142
40,55,122
80,83,116
29,105,150
62,111,149
130,126,34
97,74,52
15,16,124
132,65,60
13,132,155
29,57,43
154,6,67
6,137,25
86,32,119
140,122,53
130,78,47
135,129,22
69,15,47
99,69,51
11,30,14
152,119,76
3,46,83
26,53,151
63,61,151
59,75,1
5,64,103
87,50,121
115,153,55
47,62,16
1,57,23
122,108,23
121,112,9
83,20,130
141,15,64
144,96,26
42,43,132
72,65,79
26,94,139
143,137,32
89,27,34
100,87,144
9,114,38
30,49,40
39,9,112
154,93,68
150,128,85
37,81,109
5,51,143
116,134,99
116,78,28
57,111,13
111,83,81
67,100,10
91,10,38
129,140,66
94,56,102
4,87,86
26,93,147
64,46,127
18,68,39
35,122,7
132,70,57
119,80,63
120,105,71
99,104,52
69,77,31
126,71,2
97,45,6
76,63,156
148,106,16
99,75,133
30,36,48
104,46,8
38,34,63
20,66,141
77,156,130
106,151,122
140,102,38
127,132,96
118,129,110
18,74,30
81,26,47
59,26,51
57,106,126
27,20,137
100,66,72
40,155,53
21,125,153
135,10,24
119,131,37
155,72,13
41,37,128
63,20,76
94,88,90
142,136,131
138,91,23
99,8,37
77,106,16
35,62,123
140,108,17
10,105,125
15,94,71
22,78,26
55,29,152
55,114,144
125,98,3
26,11,149
132,85,24
78,155,49
16,83,76
23,26,51
126,73,16
98,59,42
127,70,36
124,120,7
121,137,14
117,133,82
32,125,110
74,80,156
127,118,133
90,108,6
1,6,109
35,53,54
10,38,103
43,80,112
64,57,123
78,44,109
150,115,125
147,119,49
129,88,100
128,122,35
48,16,114
65,60,94
42,89,33
18,98,35
155,149,137
97,6,45
27,20,137
128,122,35
126,73,16
94,88,90
26,93,147
55,114,144
154,68,93
129,140,66
65,60,94
116,134,99
16,76,83
155,137,149
22,26,78
26,11,149
59,26,51
77,106,16
9,114,38
42,43,132
94,102,56
55,29,152
148,106,16
4,87,86
129,88,100
117,133,82
98,59,42
35,123,62
100,72,66
18,39,68
99,37,8
10,38,103
143,137,32
18,74,30
1,6,109
43,80,112
121,137,14
127,118,133
67,100,10
125,98,3
30,36,48
127,36,70
83,20,130
77,130,156
32,110,125
142,131,136
26,94,139
81,47,26
111,81,83
100,87,144
69,77,31
121,112,9
57,106,126
10,125,105
147,119,49
120,105,71
20,66,141
18,35,98
90,6,108
57,111,13
144,96,26
38,34,63
118,110,129
155,72,13
99,104,52
5,51,143
135,10,24
116,78,28
91,38,10
89,34,27
47,16,62
39,9,112
127,132,96
99,75,133
42,89,33
140,108,17
150,128,85
63,76,20
21,125,153
138,91,23
122,108,23
132,24,85
40,53,155
64,57,123
78,44,109
23,26,51
37,81,109
72,79,65
119,131,37
35,122,7
64,46,127
30,49,40
35,54,53
78,155,49
74,80,156
76,63,156
126,2,71
119,80,63
124,120,7
1,57,23
104,8,46
141,64,15
132,57,70
140,38,102
48,16,114
150,115,125
106,151,122
41,37,128
15,71,94
63,76,20
94,88,90
129,88,100
21,153,125
155,72,13
127,70,36
67,100,10
18,98,35
37,81,109
98,59,42
132,24,85
89,27,34
35,123,62
99,37,8
141,64,15
35,7,122
121,137,14
57,111,13
116,134,99
74,80,156
100,144,87
116,78,28
143,137,32
135,10,24
64,46,127
121,112,9
106,122,151
124,120,7
22,26,78
128,122,35
18,68,39
26,11,149
125,3,98
140,38,102
77,16,106
127,118,133
9,114,38
104,46,8
72,79,65
47,62,16
42,132,43
16,76,83
142,131,136
77,156,130
150,115,125
126,73,16
1,23,57
10,38,103
42,89,33
41,37,128
78,44,109
132,70,57
155,137,149
150,128,85
35,53,54
78,155,49
119,80,63
118,110,129
48,16,114
99,104,52
81,26,47
91,10,38
111,83,81
83,130,20
100,72,66
129,140,66
38,34,63
99,75,133
148,106,16
97,45,6
40,53,155
18,74,30
4,87,86
90,108,6
117,82,133
10,125,105
20,66,141
64,57,123
65,60,94
26,93,147
30,36,48
5,51,143
144,26,96
147,119,49
1,6,109
55,152,29
119,131,37
57,126,106
126,71,2
59,26,51
154,93,68
69,77,31
122,108,23
32,110,125
26,139,94
76,63,156
94,56,102
27,20,137
140,108,17
43,112,80
55,114,144
120,105,71
138,23,91
15,71,94
30,49,40
39,9,112
23,26,51
127,132,96
142,131,144
120,87,54
53,85,28
99,104,140
7,21,19
19,88,113
149,69,39
148,8,61
143,108,83
129,140,9
19,23,69
23,17,99
123,56,16
2,30,21
132,101,75
107,69,57
45,24,103
83,92,64
76,98,38
88,52,145
29,2,133
150,64,53
34,120,57
69,30,149
64,152,16
97,70,43
95,99,17
96,57,154
86,88,124
154,72,12
146,68,10
77,45,153
48,2,110
74,148,47
63,59,48
130,108,16
90,65,67
20,44,78
94,86,40
54,21,23
120,71,26
137,70,118
11,40,30
145,63,23
72,142,7
17,86,118
112,107,137
1,64,125
111,8,110
71,52,24
118,6,48
9,47,51
90,44,113
150,35,51
101,53,144
118,146,104
30,55,58
16,13,51
7,48,120
21,16,104
153,68,70
10,16,83
121,156,107
80,2,3
75,126,23
101,92,11
5,11,79
38,71,73
89,37,141
113,87,9
73,83,12
140,152,24
31,63,5
10,102,86
132,142,70
43,156,17
25,17,85
36,80,4
110,146,62
110,146,156
126,12,28
155,30,67
151,41,51
98,59,18
66,139,29
88,103,10
111,86,71
20,71,59
32,18,99
32,111,109
112,105,129
45,152,115
123,92,34
30,62,155
155,105,43
19,73,105
152,9,141
48,36,4
129,152,46
26,47,126
95,96,106
40,83,132
38,12,145
111,141,60
81,71,2
47,27,53
86,98,48
132,93,23
129,140,9
48,2,110
113,87,9
98,59,18
132,101,75
31,5,63
111,71,86
152,141,9
99,104,140
45,24,103
43,17,156
45,152,115
149,39,69
19,113,88
69,30,149
19,23,69
129,152,46
107,57,69
120,71,26
143,108,83
26,47,126
16,13,51
30,62,155
88,52,145
21,104,16
75,126,23
86,98,48
77,45,153
32,18,99
17,118,86
110,146,62
47,27,53
111,141,60
72,7,142
101,144,53
146,10,68
132,142,70
32,109,111
153,70,68
83,92,64
94,86,40
20,44,78
7,48,120
9,47,51
112,129,105
145,23,63
86,88,124
111,110,8
110,156,146
7,21,19
81,71,2
97,70,43
96,57,154
54,21,23
118,146,104
25,17,85
101,92,11
76,98,38
150,53,64
30,58,55
90,44,113
150,35,51
112,107,137
126,12,28
5,11,79
120,54,87
95,99,17
10,102,86
90,65,67
88,10,103
71,52,24
132,23,93
155,67,30
123,16,56
89,141,37
36,80,4
20,71,59
137,118,70
23,17,99
130,108,16
95,96,106
63,59,48
10,16,83
118,6,48
73,83,12
123,92,34
80,2,3
121,156,107
38,12,145
2,21,30
38,71,73
19,73,105
53,85,28
1,125,64
74,148,47
34,57,120
40,132,83
142,131,144
66,29,139
64,16,152
148,8,61
155,105,43
140,152,24
29,2,133
11,40,30
48,36,4
154,12,72
151,51,41
21,16,104
43,17,156
80,3,2
146,68,10
1,125,64
63,59,48
40,83,132
123,34,92
95,96,106
20,59,71
74,47,148
90,44,113
153,70,68
111,110,8
75,126,23
88,103,10
148,61,8
7,48,120
2,21,30
45,115,152
45,24,103
132,75,101
19,88,113
113,9,87
36,80,4
129,152,46
150,35,51
118,146,104
76,38,98
140,152,24
38,71,73
130,108,16
23,17,99
99,104,140
30,58,55
19,73,105
111,86,71
16,13,51
112,105,129
97,70,43
154,72,12
123,56,16
96,57,154
101,53,144
32,111,109
17,86,118
112,137,107
20,44,78
149,69,39
19,23,69
66,29,139
86,98,48
129,140,9
48,2,110
151,41,51
95,99,17
155,67,30
101,92,11
47,53,27
30,62,155
94,86,40
143,108,83
121,156,107
118,6,48
5,11,79
10,86,102
98,59,18
64,152,16
77,153,45
11,40,30
53,85,28
54,21,23
152,9,141
145,63,23
38,12,145
48,36,4
155,105,43
107,57,69
86,88,124
69,30,149
72,142,7
137,118,70
9,47,51
34,57,120
71,52,24
31,63,5
89,37,141
150,53,64
26,47,126
10,16,83
132,93,23
32,18,99
25,17,85
142,144,131
73,83,12
81,71,2
120,87,54
110,146,156
88,52,145
120,71,26
110,146,62
126,12,28
29,2,133
83,64,92
111,141,60
7,21,19
90,65,67
132,142,70
75,43,102
57,37,43
71,49,128
7,136,150
51,60,68
140,73,77
37,25,148
23,113,118
100,25,120
12,131,21
82,54,115
112,49,7
69,37,35
31,3,71
142,36,40
150,29,5
73,19,116
155,125,93
9,79,66
29,47,26
36,156,120
66,83,74
26,90,132
6,51,156
133,155,30
2,11,26
31,90,95
118,114,26
44,65,9
4,60,154
144,113,134
49,14,29
125,146,100
137,11,66
142,135,90
123,3,30
119,142,62
93,58,127
101,100,89
85,65,1
118,139,61
95,85,13
125,28,93
17,79,68
25,147,142
123,49,59
91,56,115
142,109,92
66,69,19
35,131,124
81,34,6
72,98,119
116,115,59
58,63,136
147,90,46
153,114,10
144,152,27
106,35,25
116,152,74
49,136,146
70,34,145
20,155,141
132,93,23
7,31,57
11,151,25
47,145,99
44,91,12
12,140,108
134,69,89
67,20,150
56,72,98
58,96,83
49,39,109
76,85,120
45,122,129
10,61,84
15,30,120
27,96,41
82,97,152
56,18,6
73,143,129
136,11,33
133,10,62
2,80,65
147,112,131
130,131,15
113,18,97
17,30,94
22,57,32
65,38,100
27,34,135
104,75,156
95,88,127
74,68,109
140,116,17
99,156,8
127,115,2
21,67,86
119,75,84
26,96,71
126,34,55
113,63,17
103,91,128
41,154,29
121,30,88
73,34,10
78,148,135
27,21,128
101,100,89
31,3,71
95,127,88
70,34,145
4,60,154
45,129,122
116,115,59
49,39,109
144,152,27
7,136,150
75,102,43
67,150,20
147,90,46
118,114,26
10,84,61
106,25,35
93,58,127
125,93,28
153,114,10
12,131,21
126,34,55
147,112,131
49,136,146
41,154,29
132,23,93
65,38,100
125,146,100
9,79,66
76,85,120
27,21,128
17,30,94
82,54,115
69,37,35
103,91,128
27,34,135
81,34,6
26,90,132
66,74,83
20,155,141
17,68,79
73,129,143
71,128,49
15,30,120
113,97,18
133,10,62
49,14,29
78,148,135
58,63,136
99,156,8
7,31,57
35,131,124
144,113,134
27,96,41
29,26,47
112,49,7
133,155,30
121,88,30
150,5,29
31,95,90
119,142,62
140,116,17
95,85,13
25,147,142
12,140,108
137,11,66
130,131,15
26,71,96
58,83,96
142,109,92
134,89,69
142,36,40
140,73,77
73,116,19
74,68,109
56,6,18
104,75,156
47,145,99
51,68,60
113,63,17
123,3,30
23,113,118
44,12,91
36,156,120
6,156,51
21,67,86
44,65,9
11,151,25
82,152,97
37,25,148
73,34,10
123,59,49
91,115,56
72,98,119
56,72,98
155,125,93
57,43,37
85,1,65
119,84,75
2,80,65
127,115,2
136,11,33
2,11,26
100,120,25
66,69,19
22,57,32
142,135,90
118,139,61
116,152,74
126,55,34
118,114,26
142,135,90
51,60,68
17,79,68
95,85,13
113,18,97
125,93,28
11,151,25
35,131,124
153,114,10
134,69,89
119,142,62
106,35,25
41,29,154
142,92,109
7,136,150
27,21,128
118,139,61
36,156,120
121,88,30
12,140,108
58,96,83
71,49,128
140,17,116
70,34,145
7,31,57
125,146,100
150,29,5
2,11,26
31,71,3
29,26,47
73,143,129
133,155,30
56,98,72
27,41,96
25,147,142
20,155,141
17,30,94
113,17,63
44,65,9
21,67,86
73,10,34
65,100,38
6,156,51
99,156,8
91,56,115
136,11,33
95,88,127
56,18,6
31,90,95
73,19,116
93,58,127
9,66,79
75,102,43
26,90,132
85,65,1
57,37,43
142,40,36
66,83,74
100,25,120
103,128,91
144,152,27
49,136,146
2,80,65
123,30,3
144,134,113
76,85,120
82,97,152
130,131,15
27,34,135
45,129,122
66,69,19
81,34,6
22,57,32
37,25,148
58,63,136
140,77,73
104,75,156
127,115,2
123,59,49
4,60,154
74,68,109
23,113,118
67,20,150
26,96,71
49,39,109
44,12,91
78,148,135
133,62,10
137,11,66
147,112,131
82,54,115
132,23,93
147,90,46
119,75,84
15,30,120
47,99,145
112,49,7
10,61,84
116,152,74
101,100,89
49,14,29
69,37,35
72,98,119
12,131,21
116,115,59
155,125,93
82,97,152
91,56,115
70,34,145
76,85,120
118,139,61
49,136,146
123,30,3
82,54,115
140,73,77
73,143,129
125,93,28
58,96,83
133,155,30
125,146,100
4,60,154
144,152,27
31,90,95
142,109,92
103,91,128
65,38,100
112,49,7
140,116,17
22,57,32
21,67,86
58,63,136
93,58,127
10,61,84
85,65,1
41,154,29
37,25,148
73,34,10
72,98,119
35,131,124
147,112,131
116,115,59
51,68,60
26,96,71
12,131,21
29,47,26
123,59,49
127,115,2
113,17,63
36,120,156
104,75,156
78,148,135
99,156,8
31,3,71
69,37,35
44,91,12
45,129,122
134,89,69
121,88,30
119,142,62
56,98,72
44,65,9
101,100,89
27,34,135
130,131,15
75,102,43
73,19,116
47,99,145
23,113,118
27,21,128
155,125,93
126,55,34
26,90,132
119,84,75
57,43,37
137,11,66
142,135,90
106,35,25
113,97,18
2,80,65
118,114,26
116,152,74
100,25,120
66,74,83
67,20,150
132,93,23
20,141,155
74,68,109
17,30,94
17,68,79
9,79,66
15,30,120
56,18,6
25,147,142
133,62,10
49,39,109
144,134,113
147,90,46
136,11,33
142,36,40
150,29,5
7,136,150
81,6,34
2,11,26
153,114,10
49,14,29
12,140,108
27,41,96
95,85,13
71,128,49
6,51,156
11,151,25
66,69,19
95,88,127
7,31,57
15,112,124
149,135,47
136,57,67
138,133,75
44,90,141
75,61,101
29,73,109
50,101,109
97,92,131
65,83,15
37,26,125
78,137,52
5,33,108
126,99,93
60,38,135
29,44,46
120,8,39
103,148,42
129,72,31
83,151,69
80,81,64
133,137,10
20,27,26
82,15,141
143,76,81
113,88,38
118,65,18
37,138,145
127,86,109
10,21,77
47,61,57
39,37,133
72,142,4
51,97,143
3,69,129
35,104,11
61,138,25
115,150,10
118,150,7
102,70,3
100,53,119
147,56,60
49,47,74
92,128,8
116,41,57
36,39,71
40,41,121
137,148,108
97,67,131
113,109,95
30,55,48
79,90,28
103,112,123
123,94,20
36,6,12
35,12,148
24,55,53
16,66,108
149,79,56
5,154,143
58,30,40
68,93,96
88,90,73
153,126,39
2,141,26
2,83,137
75,92,19
23,70,106
53,68,6
37,102,94
68,114,42
7,6,87
115,121,5
27,65,107
46,68,18
146,84,23
79,36,30
64,122,7
48,87,89
140,98,86
2,35,65
67,85,126
103,90,127
30,34,62
135,113,70
56,75,115
104,36,35
119,143,70
156,147,51
28,104,123
79,53,99
57,100,2
38,51,144
105,138,91
54,143,105
79,89,58
34,57,109
85,91,81
37,92,153
47,92,55
59,41,143
43,125,107
100,84,152
136,84,17
93,117,146
114,97,93
75,96,29
95,56,152
149,79,56
5,33,108
10,77,21
127,86,109
79,99,53
35,12,148
37,102,94
16,108,66
50,109,101
103,42,148
60,38,135
34,57,109
126,93,99
2,65,35
2,26,141
78,137,52
147,56,60
48,87,89
40,41,121
97,67,131
30,48,55
72,4,142
75,61,101
24,55,53
153,126,39
149,47,135
37,92,153
43,125,107
100,84,152
79,90,28
137,148,108
47,92,55
29,46,44
36,39,71
36,6,12
44,90,141
75,96,29
2,137,83
88,90,73
115,150,10
102,3,70
59,41,143
30,62,34
82,15,141
85,81,91
65,83,15
53,68,6
54,105,143
95,56,152
38,51,144
138,133,75
79,36,30
20,26,27
129,72,31
143,76,81
114,97,93
68,96,93
5,154,143
49,47,74
123,20,94
58,30,40
56,75,115
29,73,109
68,42,114
80,64,81
115,5,121
39,37,133
136,17,84
146,23,84
103,90,127
104,36,35
136,67,57
7,6,87
61,138,25
57,100,2
64,7,122
67,85,126
79,89,58
156,147,51
105,138,91
116,41,57
92,8,128
83,69,151
135,113,70
28,104,123
119,143,70
3,69,129
93,117,146
103,123,112
97,92,131
37,26,125
140,98,86
47,57,61
35,104,11
37,145,138
113,88,38
75,19,92
23,106,70
120,8,39
118,150,7
46,68,18
51,97,143
118,65,18
27,65,107
100,53,119
113,109,95
15,124,112
133,137,10
36,6,12
156,147,51
93,117,146
35,12,148
68,42,114
57,100,2
116,57,41
95,56,152
3,69,129
56,75,115
5,154,143
115,5,121
35,104,11
29,46,44
100,84,152
127,109,86
59,41,143
44,90,141
149,135,47
61,25,138
103,123,112
88,90,73
113,88,38
38,51,144
75,61,101
39,37,133
29,73,109
65,83,15
113,109,95
47,55,92
97,67,131
37,92,153
133,137,10
104,35,36
79,36,30
48,87,89
100,53,119
136,57,67
138,133,75
2,141,26
114,97,93
72,142,4
23,70,106
40,41,121
28,104,123
83,69,151
34,57,109
123,94,20
54,105,143
153,126,39
58,30,40
75,92,19
27,65,107
37,102,94
118,65,18
126,93,99
2,35,65
120,8,39
79,99,53
43,107,125
97,92,131
37,26,125
135,113,70
119,143,70
75,96,29
149,79,56
137,108,148
5,33,108
37,138,145
92,128,8
46,18,68
24,55,53
85,91,81
30,34,62
47,61,57
129,72,31
20,27,26
80,81,64
15,124,112
10,21,77
68,96,93
30,55,48
102,70,3
147,56,60
103,90,127
64,122,7
60,38,135
136,84,17
140,86,98
16,66,108
36,39,71
67,85,126
79,89,58
50,101,109
82,15,141
51,97,143
143,81,76
105,138,91
49,47,74
78,52,137
79,90,28
7,6,87
53,68,6
118,150,7
2,83,137
103,42,148
146,84,23
115,150,10
56,55,145
38,114,135
23,14,112
82,57,25
96,115,135
107,60,102
22,141,64
145,141,3
140,41,93
39,15,55
100,150,109
104,122,143
92,46,13
32,79,12
126,56,34
119,25,83
22,117,83
112,129,43
142,134,101
49,52,106
68,141,7
114,102,76
30,19,122
124,148,120
106,119,2
147,75,74
102,26,27
87,81,110
2,80,79
2,67,61
7,50,127
137,122,21
91,81,39
49,156,125
115,60,128
124,94,40
134,9,97
21,102,124
116,63,17
76,55,115
143,2,37
144,78,7
69,114,107
41,74,119
152,81,40
7,81,4
34,86,134
86,71,42
6,71,110
60,40,29
141,105,100
56,52,5
17,7,11
77,130,113
66,25,34
151,111,53
18,150,108
27,43,78
138,5,55
6,155,69
151,134,126
74,102,115
36,6,148
86,51,16
109,93,31
13,49,56
77,76,145
34,39,67
90,92,129
22,19,128
101,62,121
110,77,55
16,76,141
149,153,30
4,140,143
54,43,138
48,38,19
132,74,150
8,92,62
61,19,36
73,97,63
73,146,2
60,92,36
22,29,54
113,84,43
86,63,103
109,63,29
115,141,59
7,2,53
152,41,56
7,82,14
144,74,100
138,99,89
122,142,19
91,137,24
78,137,37
54,113,107
28,81,108
105,152,11
127,1,8
131,40,126
126,42,48
53,100,107
110,5,122
55,53,10
126,56,34
119,83,25
96,135,115
49,52,106
34,39,67
126,42,48
73,146,2
114,102,76
140,93,41
151,111,53
101,62,121
100,150,109
147,75,74
7,50,127
22,19,128
61,19,36
55,53,10
56,52,5
132,150,74
87,81,110
7,4,81
106,119,2
113,84,43
48,38,19
30,19,122
122,142,19
115,141,59
77,130,113
107,102,60
68,141,7
32,79,12
105,11,152
27,43,78
21,124,102
7,2,53
110,122,5
102,27,26
36,6,148
23,14,112
86,16,51
16,76,141
142,134,101
90,92,129
116,63,17
13,56,49
92,46,13
74,102,115
39,15,55
86,71,42
77,76,145
115,128,60
28,108,81
7,82,14
91,81,39
145,141,3
4,140,143
34,86,134
60,36,92
2,79,80
124,94,40
22,29,54
6,110,71
54,113,107
56,55,145
127,1,8
8,92,62
38,135,114
73,63,97
53,107,100
22,83,117
144,74,100
149,153,30
49,125,156
60,40,29
112,129,43
138,99,89
141,29,21
78,37,137
109,93,31
141,105,100
46,8,137
138,5,55
91,137,24
137,122,21
110,77,55
152,81,40
2,67,61
134,97,9
143,2,37
131,126,40
130,65,25
41,74,119
66,34,25
86,103,63
6,69,155
82,57,25
76,55,115
22,64,141
124,148,120
69,107,114
17,7,11
104,122,143
109,63,29
18,108,150
152,56,41
144,78,7
54,138,43
151,126,134
110,122,5
22,141,64
54,107,113
138,55,5
6,155,69
109,63,29
101,62,121
91,81,39
124,120,148
147,75,74
54,138,43
104,122,143
141,21,29
127,8,1
61,19,36
7,2,53
2,61,67
134,9,97
105,152,11
7,4,81
149,153,30
132,150,74
68,141,7
27,43,78
34,39,67
41,74,119
122,142,19
92,46,13
17,7,11
152,81,40
96,135,115
7,14,82
126,42,48
151,134,126
28,81,108
13,49,56
49,156,125
90,129,92
138,99,89
86,71,42
60,29,40
34,86,134
74,102,115
21,102,124
76,55,115
36,6,148
100,150,109
73,146,2
16,76,141
110,77,55
112,129,43
22,117,83
69,114,107
119,83,25
152,56,41
107,102,60
22,29,54
124,94,40
143,2,37
91,137,24
18,150,108
140,41,93
66,34,25
39,55,15
82,57,25
87,81,110
115,128,60
116,63,17
144,78,7
23,14,112
142,134,101
114,76,102
73,97,63
144,74,100
22,19,128
55,53,10
53,107,100
130,65,25
86,16,51
151,111,53
30,19,122
86,63,103
48,38,19
126,56,34
60,92,36
131,126,40
106,119,2
77,145,76
141,105,100
78,137,37
145,141,3
7,50,127
115,141,59
38,135,114
102,27,26
56,55,145
109,93,31
137,122,21
77,113,130
8,62,92
49,52,106
2,79,80
32,79,12
56,52,5
6,71,110
113,84,43
46,8,137
4,140,143
112,134,138
15,23,40
7,2,6
17,95,65
92,42,122
142,107,121
12,5,32
97,100,72
17,15,19
6,50,38
81,30,19
77,78,73
58,76,101
46,18,13
118,140,12
24,14,2
4,9,6
54,55,68
154,6,51
29,36,7
113,87,66
43,64,139
134,6,48
53,24,108
68,143,1
116,36,21
87,60,52
85,80,58
113,112,127
59,65,33
137,151,87
111,112,156
91,137,132
41,18,9
119,91,64
31,40,13
65,19,130
29,46,1
45,50,5
93,63,60
125,132,14
134,91,79
145,144,2
96,97,11
91,44,141
98,146,10
112,4,51
81,94,70
112,66,71
59,80,89
7,21,30
136,84,77
61,67,104
133,45,67
21,37,122
9,30,48
152,125,27
36,72,87
70,155,65
4,10,38
47,14,92
125,118,129
115,109,131
98,91,132
77,14,126
114,109,90
25,48,92
1,48,17
114,110,115
81,100,128
36,52,22
119,124,81
143,99,96
90,67,71
138,137,134
82,17,152
145,107,81
116,145,147
135,12,84
146,154,151
58,56,72
11,7,10
109,145,76
106,91,51
142,139,128
145,146,151
79,59,100
119,135,47
76,53,31
146,128,1
24,89,1
90,94,135
144,147,151
49,93,117
51,19,15
35,116,93
3,10,51
58,122,136
72,67,66
72,69,48
29,55,149
35,132,145
49,41,45
139,132,133
143,86,48
106,143,135
133,91,19
86,107,21
24,79,55
124,144,26
17,42,51
3,43,17
45,51,24
46,27,88
146,116,55
68,95,85
16,48,6
100,94,82
128,99,18
141,126,118
120,131,76
99,62,56
4,37,137
42,113,123
115,105,114
42,31,54
126,119,127
99,55,67
8,1,42
151,10,36
50,68,139
38,103,147
60,59,55
152,120,136
62,90,6
97,17,152
20,10,59
108,24,14
154,105,80
151,19,47
70,61,101
57,58,103
37,5,108
98,104,100
38,55,155
82,75,102
12,8,29
89,69,119
23,20,17
114,137,138
9,49,38
68,102,89
18,25,33
134,20,55
16,132,130
110,69,38
34,27,82
28,40,3
144,111,127
142,137,133
57,78,87
140,118,28
151,134,135
152,108,138
105,114,120
39,21,42
95,59,86
71,35,155
69,81,6
128,9,53
133,87,51
69,80,102
94,47,4
86,82,83
82,87,83
141,152,122
31,27,24
120,54,30
14,65,35
52,62,26
140,133,131
63,89,29
103,57,82
1,35,28
18,40,94
118,48,39
5,2,12
91,83,88
117,101,51
85,95,67
43,49,52
74,98,9
148,9,114
85,53,134
54,84,66
76,53,51
108,124,83
123,112,48
114,155,69
20,4,84
90,62,72
11,40,51
2,110,104
15,24,11
5,11,12
106,111,43
155,111,147
29,18,42
52,59,135
27,32,39
33,12,131
62,84,102
46,23,18
42,102,131
25,23,13
87,72,96
45,16,90
57,51,116
41,78,54
78,53,58
68,96,112
62,81,12
85,59,5
96,76,88
93,88,90
126,146,31
39,20,24
126,112,155
70,97,111
86,96,81
46,43,107
116,139,87
4,46,99
81,103,72
88,79,26
114,156,85
53,143,156
90,88,69
50,82,156
47,48,43
103,18,109
102,53,59
156,151,66
22,51,27
70,59,135
88,65,76
33,36,7
15,76,144
26,5,122
40,44,47
39,46,85
98,26,40
59,86,146
26,51,1
86,149,24
106,117,112
15,83,78
129,143,122
49,51,46
154,126,75
66,57,76
84,130,116
148,144,150
126,121,116
152,111,132
17,31,93
31,37,33
30,15,3
41,49,43
145,132,102
83,65,89
95,41,119
21,42,86
95,98,92
37,97,124
75,58,91
56,77,12
19,27,44
150,130,132
69,79,3
106,113,114
133,144,27
74,78,75
149,118,122
47,27,3
7,12,3
26,11,41
103,85,50
38,15,19
129,149,63
98,86,84
91,99,56
129,118,34
109,53,103
135,77,98
108,144,5
123,121,30
85,75,15
109,111,69
129,137,20
100,3,115
19,63,117
39,46,47
106,113,123
13,10,26
9,8,17
125,151,139
37,97,139
116,42,1
39,51,86
128,82,2
28,137,153
29,91,122
41,36,35
141,146,121
14,101,145
97,71,31
126,113,98
83,99,2
3,1,29
148,123,52
146,148,156
13,97,102
65,58,62
39,6,13
130,145,57
78,74,11
121,120,113
71,66,86
135,141,134
83,91,89
136,109,148
27,72,58
77,19,48
59,65,53
152,141,136
23,17,25
30,39,35
101,68,144
57,96,100
48,40,11
155,156,122
133,141,3
48,19,10
150,123,120
27,42,118
149,117,7
71,94,4
8,41,134
12,32,35
46,64,95
28,17,108
66,31,38
125,122,115
74,39,2
147,70,17
72,61,70
112,62,32
87,21,2
113,108,135
23,84,134
44,80,150
82,62,11
93,53,79
101,110,138
30,27,51
99,114,58
58,9,42
146,144,148
110,127,88
130,129,8
69,42,9
92,95,71
49,20,83
16,15,33
84,33,129
50,93,130
142,78,61
156,120,108
99,54,120
92,69,81
102,62,59
87,59,4
17,36,19
41,43,42
49,39,29
104,97,81
101,103,67
93,68,65
25,74,92
80,89,86
125,1,73
25,13,35
133,107,30
55,95,78
107,67,51
148,62,93
48,1,8
64,79,119
70,123,35
21,44,37
50,92,86
104,71,90
27,32,1
86,108,31
63,65,102
153,93,13
66,72,82
4,87,108
145,32,50
125,134,118
15,21,18
39,109,94
50,48,24
9,44,29
5,3,38
38,17,122
129,153,40
1,12,6
128,36,34
126,137,42
6,2,35
128,9,70
22,80,62
2,3,50
44,46,7
145,147,55
15,22,24
149,145,155
23,57,120
121,18,142
39,10,150
137,109,156
28,47,40
123,104,42
79,78,77
3,52,18
57,87,142
92,99,59
65,56,62
134,146,119
136,147,118
61,55,57
44,89,128
110,124,57
137,120,132
143,86,99
90,84,81
44,57,77
127,53,29
105,151,149
118,131,35
130,34,62
30,32,36
61,8,134
135,146,128
10,46,154
79,55,103
104,94,98
148,152,151
71,147,106
37,38,34
52,42,40
124,132,106
4,65,23
102,142,131
25,133,121
11,14,28
110,131,139
69,76,73
89,100,111
41,31,28
7,139,113
136,12,94
117,156,125
152,8,10
67,89,76
115,68,145
105,94,78
150,151,149
126,74,45
115,150,154
44,38,40
110,100,31
79,87,84
54,59,53
133,144,108
74,119,139
23,75,119
102,12,143
118,147,4
35,78,80
138,34,14
25,29,104
54,98,33
128,129,67
27,48,66
20,27,7
136,148,140
22,117,119
84,19,89
87,35,8
115,130,114
19,136,73
92,66,101
44,25,6
11,93,18
31,28,27
13,74,68
130,127,129
47,14,11
7,49,120
33,152,7
88,98,93
107,85,138
94,99,65
127,118,135
134,148,126
69,31,44
72,96,97
134,132,127
99,150,153
124,148,147
56,68,78
73,63,43
132,110,154
103,96,146
150,107,9
45,16,33
79,97,72
49,33,17
138,121,125
85,49,132
61,76,24
115,53,4
129,145,116
147,76,99
82,100,50
36,44,26
82,90,77
101,103,96
64,98,100
143,48,105
124,50,68
20,51,9
4,2,1
95,57,80
31,19,12
62,43,108
89,105,132
71,18,32
36,37,35
7,140,44
121,123,48
76,64,104
17,51,102
2,17,50
156,152,147
154,115,12
131,151,150
12,101,79
10,155,16
89,62,98
149,114,60
37,87,147
131,127,30
94,53,115
27,20,36
99,36,22
23,115,146
37,6,17
136,134,140
55,64,97
62,56,79
112,111,119
140,126,127
22,109,148
37,34,32
6,21,52
108,85,10
81,66,61
112,155,11
80,73,110
31,26,19
95,87,89
149,9,27
79,69,54
60,30,150
10,42,43
58,38,145
101,103,97
119,10,74
101,137,58
56,53,88
37,40,21
62,53,87
32,49,120
63,5,41
111,138,132
44,36,11
24,82,121
34,60,146
103,64,131
115,156,144
23,11,124
95,96,78
31,20,25
111,107,153
51,32,52
41,105,121
10,2,11
126,22,138
153,54,120
7,13,25
45,51,40
151,10,114
12,122,10
92,98,34
123,81,26
44,60,72
132,142,141
9,70,124
8,4,43
151,143,85
30,142,53
114,9,22
85,90,80
88,65,99
55,33,9
25,99,145
55,61,141
38,1,12
85,88,104
108,69,7
99,118,140
40,34,135
96,95,98
59,78,130
104,139,141
58,31,6
72,46,120
151,56,48
98,69,144
72,79,93
141,117,22
22,52,18
66,92,81
146,144,132
123,31,107
11,74,113
82,83,63
56,63,53
77,9,112
37,55,20
34,41,75
55,95,112
139,135,140
121,103,35
62,68,136
26,29,12
12,16,45
10,11,21
154,150,107
129,82,98
13,3,24
121,135,93
28,50,1
53,122,134
104,120,153
107,124,74
108,9,80
98,63,84
74,98,16
83,78,60
79,82,89
56,80,71
132,6,25
28,48,59
15,18,16
18,14,25
85,95,58
14,25,24
108,134,25
151,137,109
109,153,116
43,78,142
142,131,120
25,3,50
58,140,116
78,148,29
111,107,11
2,12,27
6,57,67
22,4,47
44,51,65
16,26,21
54,8,32
110,147,113
143,17,3
61,60,64
114,151,102
155,153,120
119,153,131
72,60,21
140,152,58
23,13,151
98,62,60
145,146,155
98,137,130
50,18,32
131,72,21
15,46,47
19,15,33
85,55,59
65,76,92
91,86,83
77,70,118
7,32,15
24,41,5
129,96,55
60,19,117
106,110,18
31,24,149
26,75,85
84,101,64
79,78,138
147,148,13
82,92,10
92,73,49
5,1,78
77,41,115
47,40,26
3,12,8
154,143,141
123,114,19
106,135,116
96,89,21
85,88,96
75,14,143
55,29,99
131,87,117
7,140,148
4,20,28
102,88,124
81,67,12
109,155,44
109,147,110
44,43,17
108,111,152
151,140,87
21,18,24
85,150,115
16,77,106
47,1,8
23,20,25
7,10,78
44,37,83
14,93,110
152,111,131
79,87,88
40,50,46
35,27,32
38,84,149
90,87,89
117,112,108
14,57,105
96,72,60
156,134,132
64,136,117
118,135,155
72,75,10
29,48,131
34,130,146
64,66,112
13,88,38
102,132,63
143,123,153
8,128,139
6,8,66
45,102,127
14,27,35
18,41,106
3,20,14
125,126,121
90,82,89
96,122,16
150,134,140
110,144,151
118,136,38
99,49,13
50,139,120
96,53,61
128,127,116
119,145,115
2,10,4
145,117,124
60,63,53
12,43,70
93,153,143
11,12,26
8,4,154
87,88,55
155,153,128
118,153,122
54,74,89
23,20,17
138,105,149
116,138,52
89,109,19
39,28,33
60,28,83
73,11,139
74,70,5
1,109,21
72,54,86
1,11,5
53,73,83
23,24,27
84,37,121
94,99,102
48,12,115
55,22,3
85,149,7
89,29,142
154,151,135
67,114,151
109,117,123
3,6,9
37,33,13
87,86,102
100,79,8
49,14,139
107,117,133
3,38,17
110,107,113
66,77,73
102,99,135
110,115,149
76,104,129
101,99,61
21,46,92
96,71,40
80,154,122
91,84,76
80,89,53
155,100,63
132,140,142
26,27,119
147,126,55
107,142,125
155,104,34
134,143,139
141,59,47
156,109,125
29,49,5
47,25,11
66,104,140
83,76,70
13,121,33
104,96,44
92,136,79
84,49,73
101,71,74
23,82,126
80,142,3
30,8,14
100,78,86
18,39,145
83,76,130
121,14,100
94,122,6
23,60,151
32,80,55
1,30,152
56,48,10
45,31,77
112,117,111
31,28,52
101,99,96
9,7,24
44,6,22
142,43,64
117,78,94
128,40,32
34,51,9
140,130,136
33,40,16
136,154,7
51,44,41
118,117,148
14,47,57
65,63,84
112,68,5
94,97,93
88,98,55
155,80,45
67,69,89
112,138,156
14,26,37
76,68,66
12,44,100
53,84,81
18,36,140
8,14,60
41,87,72
30,58,124
72,137,116
102,103,53
23,22,59
63,18,153
29,52,5
29,28,16
97,67,71
112,108,106
98,22,12
68,96,86
7,5,18
78,94,79
101,27,155
154,35,40
20,50,151
56,123,133
155,150,148
7,4,18
34,117,134
117,111,109
24,40,99
50,34,17
154,17,1
83,62,71
89,85,66
145,114,134
93,94,96
37,120,115
55,31,149
121,122,153
82,42,35
35,105,131
40,126,60
40,46,24
131,100,88
154,124,117
78,116,11
67,96,39
75,37,123
127,120,1
40,45,47
146,54,2
12,147,135
43,20,32
102,56,91
97,94,109
32,153,134
18,29,28
5,52,91
28,39,44
102,129,42
78,75,89
71,90,38
153,128,60
22,52,10
9,94,58
12,150,94
152,124,120
128,138,129
77,98,17
61,51,6
40,21,22
15,63,138
101,82,2
124,142,114
128,80,75
43,41,46
134,96,115
45,27,127
8,48,34
23,20,18
129,128,126
1,37,32
151,153,143
124,135,38
3,29,76
55,26,45
126,99,94
91,79,68
143,133,112
84,82,83
81,86,96
153,146,149
103,78,16
64,62,56
12,14,39
74,50,86
110,135,38
94,91,131
39,53,123
31,21,107
2,140,62
106,130,67
133,144,113
142,53,15
35,30,36
44,43,24
79,133,68
23,26,14
82,104,55
99,80,89
51,17,66
142,118,92
111,62,32
65,81,97
18,59,107
31,113,58
35,34,2
15,34,75
33,15,112
20,72,91
66,70,30
81,102,72
144,145,146
149,114,136
116,134,126
126,127,128
62,76,81
122,149,108
40,13,75
78,9,118
45,64,138
144,107,134
120,121,118
133,83,100
84,66,147
81,118,42
28,36,27
118,136,93
119,1,38
26,139,76
45,51,25
1,117,154
116,21,7
5,79,149
119,30,40
125,156,142
10,27,115
39,20,52
74,90,100
152,156,146
63,75,150
113,156,101
63,84,79
82,80,59
108,153,45
87,79,89
58,15,48
7,55,26
47,9,90
8,19,35
80,85,104
58,97,152
112,113,125
107,140,122
106,116,123
106,63,79
55,2,122
67,134,49
32,101,126
98,102,54
68,80,92
57,64,62
93,142,133
95,86,57
127,129,113
47,52,16
6,138,62
35,33,73
80,83,101
45,12,100
106,120,80
86,73,79
105,117,130
153,138,127
68,28,112
14,25,76
106,98,33
62,63,64
5,11,7
19,31,11
46,34,24
82,59,58
144,84,28
114,135,127
42,129,111
120,111,6
99,75,131
150,87,27
39,23,7
133,147,130
106,139,121
122,7,75
41,1,35
31,27,35
53,57,98
37,36,7
106,108,107
49,123,150
84,57,96
9,10,142
4,87,127
113,108,133
66,75,73
82,89,88
46,133,152
66,49,129
102,154,10
138,9,25
121,128,1
73,137,24
152,117,136
133,155,114
43,18,1
83,99,90
75,42,16
26,17,15
91,87,80
147,135,87
14,19,47
80,34,98
85,96,102
149,77,63
150,69,87
118,138,129
8,2,3
51,155,107
27,90,71
30,96,148
152,154,125
5,127,87
80,109,24
48,79,116
58,121,147
111,126,128
23,47,6
38,27,15
65,150,115
79,48,126
64,140,139
69,36,2
18,57,109
93,70,87
133,75,100
105,102,49
25,16,114
75,80,35
8,31,26
105,111,112
9,46,37
15,49,2
34,40,12
123,128,129
97,90,54
116,114,115
70,94,54
16,79,147
30,27,35
129,127,105
96,36,142
108,113,109
10,2,140
52,34,15
