1000001 -0.0885694 -0.0950126 -0.0024656
1000002 -0.0691213 -0.0747176 -0.0307954
1000003 -0.0800083 -0.0660264 0.0342726
1000004 -0.0502710 -0.0430816 0.0115986
1000005 -0.0675839 -0.0705596 0.0077468
1000006 -0.0393496 -0.0658689 -0.0342723
1000007 -0.0843639 -0.1008770 -0.0073741
1000008 -0.1000585 -0.0656061 -0.0290777
1000009 -0.0041823 -0.0364226 -0.0211501
1000010 -0.0833032 -0.0664594 -0.0098006
1000011 -0.0288334 -0.0697491 -0.0353493
1000012 -0.0323168 -0.0976019 -0.0176967
1000013 -0.0914784 -0.0783256 -0.0083357
1000014 -0.0690833 0.1063103 0.0460075
1000015 -0.0763379 0.0988131 0.0308311
1000016 -0.0806456 0.1211154 -0.0283611
1000017 -0.0798107 0.1055771 -0.0200071
1000018 -0.0420726 0.0951515 0.0335283
1000019 -0.0429878 0.0999229 0.0265271
1000020 -0.0803440 0.1052440 0.0180963
1000021 -0.0743555 0.1042683 0.0397192
1000022 -0.0976598 0.0935598 -0.0795185
1000023 -0.0797913 0.1205360 0.0255979
1000024 -0.0773040 0.1165303 -0.0575511
1000025 -0.0655275 0.1104431 0.0013798
1000026 -0.0393231 0.1138815 0.0373473
1000027 -0.0752523 0.0646872 0.0912344
1000028 -0.0680592 0.0529883 0.0852360
1000029 -0.0828180 0.0830864 0.1058272
1000030 -0.0799344 0.0686960 0.0933738
1000031 -0.0773290 0.0591920 0.0957592
1000032 -0.0761255 0.0688938 0.0975766
1000033 -0.0694615 0.0538521 0.1146028
1000034 -0.0708241 0.0495423 0.1035255
1000035 -0.1216666 0.0220306 0.0845349
1000036 -0.0665095 0.0282994 0.0982773
1000037 -0.0715672 0.0495235 0.0951287
1000038 -0.0740595 0.0844863 0.1015936
1000039 -0.0680521 0.0613504 0.0760239
1000040 -0.1211255 0.0627089 0.0366653
1000041 -0.0993213 0.0328679 0.0017211
1000042 -0.1158694 0.0089702 0.0575853
1000043 -0.1128156 0.0650562 0.0201936
1000044 -0.1145121 0.0432419 0.0369765
1000045 -0.1080487 0.0326290 0.0195579
1000046 -0.0948343 0.0444142 0.0472619
1000047 -0.1039563 0.0464390 0.0496507
1000048 -0.1023827 0.0362848 0.0446744
1000049 -0.1010196 0.0652731 0.0187589
1000050 -0.1132664 0.0423589 0.0475274
1000051 -0.1213400 0.0431970 0.0397328
1000052 -0.0870595 0.0249030 0.0223709
1000053 0.0158761 0.0661443 0.0508397
1000054 0.0054763 0.0234562 0.0388602
1000055 0.0053954 0.0783258 0.0666428
1000056 0.0105338 0.0626265 0.0683024
1000057 -0.0067983 0.0599829 0.0591946
1000058 -0.0028412 0.0670829 0.0533615
1000059 -0.0030353 0.0553462 0.0496851
1000060 -0.0194845 0.0629098 0.0463150
1000061 0.0077977 0.0746381 0.0495023
1000062 0.0352456 0.0573679 0.0425884
1000063 0.0066806 0.0693796 0.0494650
1000064 -0.0108192 0.0742628 0.0456102
1000065 0.0069220 0.0581724 0.0526608
1000066 0.0364657 0.0456668 0.0563422
1000067 0.0232248 0.0524879 0.0497184
1000068 0.0279129 0.0539977 0.0517755
1000069 -0.0096241 0.0343536 0.0626120
1000070 0.0709748 0.1149992 0.0347243
1000071 0.0546240 0.0472825 0.0488997
1000072 0.0196987 0.0239400 0.0420518
1000073 0.0537442 0.0093046 0.0501580
1000074 0.0014785 0.0154103 0.0510548
1000075 0.0380920 0.0472644 0.0516062
1000076 0.0208043 0.0667254 0.0667865
1000077 0.0345868 0.0554143 0.0499929
1000078 0.0353577 0.0304179 0.0535699
1000079 0.0156984 0.0037342 0.0959337
1000080 0.0184343 0.0170533 0.0982835
1000081 0.0347601 0.0416280 0.1018728
1000082 0.0182487 0.0150316 0.0994093
1000083 0.0596588 0.0140737 0.0715791
1000084 0.0129141 0.0054463 0.0980650
1000085 0.0522385 0.0084147 0.0944675
1000086 0.0667785 -0.0011858 0.0857529
1000087 -0.0054321 0.0133050 0.0970580
1000088 0.0389788 0.0081618 0.0904576
1000089 0.0321767 0.0026599 0.1081070
1000090 0.0138417 0.0056080 0.0991705
1000091 0.0630338 -0.0033167 0.0792460
1000092 0.0605418 0.0972190 0.0567599
1000093 0.0949136 0.0785910 0.0611412
1000094 0.0516086 0.0423911 0.0590187
1000095 0.0739084 0.0772948 0.0650091
1000096 0.0577451 0.0679818 0.0587764
1000097 0.0879255 0.0642430 0.0578377
1000098 0.0597221 0.0628796 0.0362060
1000099 0.0606792 0.0695823 0.0598864
1000100 0.0839095 0.1007159 0.0614916
1000101 0.1017371 0.0428783 0.0176541
1000102 0.0882408 0.0507995 0.0725830
1000103 0.1026956 0.0724074 0.0611114
1000104 0.0629550 0.0907793 0.0601116
1000105 0.0677592 -0.0203366 -0.0685516
1000106 0.0589537 -0.0156293 -0.0732473
1000107 0.0759465 -0.0180594 -0.1129133
1000108 0.0879948 -0.0292241 -0.0818793
1000109 0.0604150 0.0093600 -0.1077397
1000110 0.0888538 -0.0153595 -0.0571745
1000111 0.0606461 -0.0185890 -0.0917539
1000112 0.0744714 -0.0310107 -0.0825577
1000113 0.1076057 -0.0013254 -0.0812673
1000114 0.0723940 0.0125466 -0.0705923
1000115 0.1042114 -0.0373537 -0.0522976
1000116 0.1060358 0.0067705 -0.0827051
1000117 0.0862407 -0.0271199 -0.0812978
1000118 0.0855725 -0.0873139 -0.0639424
1000119 0.1184286 -0.0853701 -0.1006361
1000120 0.0871391 -0.0974500 -0.1019655
1000121 0.0387734 -0.1227955 -0.1205002
1000122 0.0806497 -0.1021875 -0.1000643
1000123 0.0877451 -0.1019597 -0.0046982
1000124 0.0891778 -0.0723474 -0.0922604
1000125 0.0845650 -0.1050217 -0.0745827
1000126 0.0999053 -0.0801941 -0.0504968
1000127 0.0764051 -0.0883462 -0.0934977
1000128 0.0886198 -0.1088945 -0.0796074
1000129 0.0913342 -0.0722468 -0.0927756
1000130 0.0772195 -0.0788020 -0.0852211
1000131 -0.0346568 -0.0579111 -0.0722515
1000132 0.0233558 -0.0912164 -0.0380142
1000133 0.0734007 -0.0706852 -0.0417839
1000134 0.0632525 -0.0694602 -0.0743100
1000135 0.0132057 -0.0707131 -0.0736650
1000136 0.0649401 -0.0819170 -0.0223102
1000137 0.0710039 -0.0562030 -0.0336869
1000138 0.0295512 -0.0516017 -0.0499927
1000139 0.0362419 -0.1240107 -0.0463193
1000140 0.0576686 -0.0642908 -0.0371903
1000141 0.0127776 -0.0538389 -0.0739198
1000142 0.0303851 -0.0520485 -0.0513598
1000143 0.0979175 -0.0915145 -0.0619826
1000144 0.0809992 -0.0377196 -0.0735330
1000145 0.0781354 -0.0297490 -0.0750658
1000146 0.0918862 -0.0495955 -0.0504990
1000147 0.0921092 -0.0369224 -0.0571688
1000148 0.0946947 -0.0439725 -0.0746784
1000149 0.1054076 -0.0466367 -0.1017827
1000150 0.0941949 -0.0257655 -0.0795824
1000151 0.0914212 -0.0522998 -0.0850491
1000152 0.0907327 -0.0307043 -0.0569770
1000153 0.0912359 -0.0056376 -0.0730368
1000154 0.0849066 -0.0454213 -0.0734325
1000155 0.0565543 0.0015116 -0.0568893
1000156 0.1040065 -0.0210468 -0.0544628
