1 -0.0194060 -0.1450710 -0.0996368
2 -0.1126241 -0.0896498 -0.1596855
3 -0.0134719 -0.1615707 -0.0740991
4 -0.0194962 -0.1604220 -0.1040024
5 0.0042262 -0.1607211 -0.1027408
6 -0.0368700 -0.1704334 -0.1082653
7 -0.0228647 -0.1543077 -0.1296777
8 -0.0666322 -0.1724251 -0.1034602
9 -0.0225325 -0.1066745 -0.0543002
10 -0.0455290 -0.1471305 -0.1417431
11 -0.0356442 -0.1320216 -0.1264062
12 -0.0327518 -0.1288599 -0.1297304
13 -0.0368944 -0.1607241 -0.1241181
14 -0.0905296 -0.1701182 -0.1625528
15 -0.0651518 -0.1428136 -0.1508184
16 -0.0545409 -0.1524790 -0.1467102
17 -0.1009233 -0.1118802 -0.1549059
18 -0.0232105 -0.1603564 -0.1430193
19 -0.0496369 -0.1315963 -0.1548538
20 -0.0742232 -0.1767422 -0.1506558
21 -0.0520839 -0.1492818 -0.1447688
22 -0.0694382 -0.1434201 -0.1600583
23 -0.0453795 -0.1304973 -0.1561128
24 -0.0490428 -0.1418540 -0.1453687
25 -0.0734042 -0.1030066 -0.1550736
26 -0.0222965 -0.1658397 -0.1099625
27 -0.0432359 -0.0985052 -0.0828916
28 -0.0436063 -0.1162049 -0.1454182
29 -0.0633831 -0.1002828 -0.0708386
30 -0.0492740 -0.0641087 -0.0973569
31 0.0168708 -0.1321041 -0.0875260
32 -0.0872871 -0.0877540 -0.0973553
33 -0.0851519 -0.1015220 -0.1264614
34 -0.0521867 -0.0687612 -0.1143233
35 -0.0575498 -0.0900204 -0.1236968
36 -0.0252291 -0.0905376 -0.1282886
37 -0.0955862 -0.0558324 -0.1163643
38 -0.0770956 -0.1163090 -0.1137840
39 -0.0823707 -0.0968738 -0.0888406
40 -0.1400420 -0.1558827 -0.0636083
41 -0.1051252 -0.1594110 -0.0586620
42 -0.1164820 -0.1520622 -0.0397685
43 -0.1370116 -0.1540657 -0.0641475
44 -0.1426319 -0.1496644 -0.0745440
45 -0.1165238 -0.1484965 -0.0333526
46 -0.1377035 -0.1236030 -0.0293774
47 -0.1244161 -0.1216786 -0.0486070
48 -0.0949964 -0.1288297 -0.0171279
49 -0.1142071 -0.1205946 -0.0539780
50 -0.1402726 -0.1555763 -0.0265038
51 -0.1420452 -0.1397287 -0.0846852
52 -0.1457424 -0.1199563 -0.0550326
53 0.0866756 -0.0212986 -0.0526162
54 0.0750533 0.0239546 -0.0612017
55 0.0693406 -0.0265810 -0.0257506
56 0.0374090 0.0013898 -0.0288076
57 0.0671919 0.0062871 -0.0369760
58 0.0342585 0.0144912 -0.0645547
59 0.0695618 -0.0239522 -0.0791937
60 0.0952090 0.0141658 -0.0596291
61 0.0215875 0.0557101 -0.0328467
62 0.0790110 -0.0108875 -0.0521350
63 0.0286245 0.0410037 -0.0647638
64 0.0249920 0.0039390 -0.0950584
65 0.0977404 -0.0179641 -0.0612716
66 0.0287351 -0.0369162 0.1301748
67 0.0478752 -0.0512778 0.1306974
68 0.0628581 -0.1014538 0.1448214
69 0.0497435 -0.1079662 0.1465693
70 0.0274398 0.0012739 0.1394673
71 0.0287599 -0.0049899 0.1465954
72 0.0589297 -0.0597464 0.1359200
73 0.0426097 -0.0350670 0.1279873
74 0.1262112 -0.1295390 0.1127899
75 0.0387282 -0.0688898 0.1363397
76 0.0911285 -0.0928717 0.1723347
77 0.0521271 -0.0555098 0.1527871
78 0.0146527 -0.0224823 0.1388362
79 0.0221086 -0.0443557 0.0675237
80 0.0104028 -0.0505807 0.0845385
81 0.0208514 -0.0820698 0.0668090
82 0.0233799 -0.0623459 0.0765632
83 0.0219348 -0.0583876 0.0656583
84 0.0213114 -0.0598900 0.0719558
85 0.0277740 -0.0661979 0.0528038
86 0.0162828 -0.0593080 0.0584238
87 0.0482176 -0.0621739 0.0353132
88 0.0127201 -0.0517364 0.0460496
89 0.0170737 -0.0533883 0.0619846
90 0.0186358 -0.0799170 0.0800400
91 0.0124207 -0.0515692 0.0836152
92 0.0911461 -0.0211545 0.0904529
93 0.0965032 -0.0070088 0.0776390
94 0.0645921 0.0014557 0.0517583
95 0.0861650 -0.0203455 0.0962397
96 0.0889143 0.0021008 0.0889456
97 0.1005557 0.0014636 0.0764987
98 0.0699273 -0.0064777 0.0867375
99 0.0659898 0.0188858 0.0908286
100 0.0715356 -0.0140331 0.0786088
101 0.0835047 -0.0153833 0.1040939
102 0.0650181 -0.0010678 0.0850171
103 0.0903641 0.0038087 0.0880421
104 0.0686187 0.0060736 0.0680301
105 -0.0418419 0.0121661 0.1087974
106 -0.0301953 0.0082638 0.0391960
107 -0.0257960 -0.0008130 0.1164028
108 -0.0379526 0.0003500 0.0966016
109 -0.0313718 -0.0067555 0.0959501
110 -0.0280990 -0.0109535 0.1028318
111 -0.0256659 -0.0098805 0.0955184
112 -0.0157459 -0.0143211 0.1009184
113 -0.0255232 0.0064405 0.1151592
114 -0.0337685 0.0367224 0.0908862
115 -0.0308279 0.0069194 0.1106270
116 -0.0189038 -0.0142801 0.1145975
117 -0.0325659 0.0021620 0.0909486
118 -0.0495189 0.0232728 0.0915256
119 -0.0362079 0.0240610 0.0851389
120 -0.0377986 0.0235677 0.0975528
121 -0.0337572 -0.0223067 0.0701382
122 -0.0437281 0.0794232 0.1392181
123 -0.0631612 0.0257182 0.1014503
124 -0.0275067 0.0248637 0.0562327
125 -0.0540055 0.0344715 0.0480008
126 -0.0262456 0.0072837 0.0478432
127 -0.0490764 0.0245083 0.0926798
128 -0.0235332 0.0316369 0.0839735
129 -0.0445844 0.0213916 0.0945236
130 -0.0516118 0.0259895 0.0714953
131 -0.0649240 -0.0107903 0.0479650
132 -0.0691070 -0.0185257 0.0604105
133 -0.0692561 -0.0161833 0.0866277
134 -0.0743289 -0.0205634 0.0561314
135 -0.0788966 0.0287460 0.0587947
136 -0.0704931 -0.0153736 0.0513488
137 -0.0898734 0.0125165 0.0555360
138 -0.1069894 0.0224429 0.0468186
139 -0.0555281 -0.0214449 0.0544862
140 -0.0760039 0.0067768 0.0555683
141 -0.0947239 -0.0213013 0.0566758
142 -0.0692107 -0.0109421 0.0480850
143 -0.0819333 0.0156293 0.0287284
144 -0.0414352 0.0583722 0.1119230
145 -0.0793959 0.0545794 0.1243906
146 -0.0641959 0.0336991 0.0843713
147 -0.0697684 0.0529393 0.1196547
148 -0.0544565 0.0429658 0.0987621
149 -0.0709083 0.0530219 0.1065066
150 -0.0397408 0.0599492 0.0925020
151 -0.0571137 0.0482677 0.1017130
152 -0.0563328 0.0570480 0.1523515
153 -0.0894521 0.1001684 0.0773890
154 -0.1009946 0.0425526 0.0920545
155 -0.0895321 0.0661684 0.1201605
156 -0.0535402 0.0417901 0.1275796
157 -0.0356407 0.1196591 -0.0407952
158 -0.0390128 0.1158404 -0.0299162
159 -0.0842594 0.1465515 -0.0334548
160 -0.0482021 0.1398049 -0.0539553
161 -0.1081677 0.1130429 -0.0184724
162 -0.0646750 0.1116496 -0.0355667
163 -0.0745668 0.1339090 -0.0388795
164 -0.0492541 0.1336177 -0.0628617
165 -0.0694267 0.1387139 -0.0250283
166 -0.0195285 0.1367165 -0.0173956
167 -0.0904500 0.1200226 -0.0475651
168 -0.0151214 0.1539609 -0.0395694
169 -0.0432907 0.1296362 -0.0536699
170 -0.0756566 0.0764813 -0.0679153
171 -0.0774535 0.1231544 -0.1298703
172 -0.0894368 0.0856748 -0.0977803
173 -0.0479310 0.0735439 -0.1564505
174 -0.0798456 0.0815521 -0.1110479
175 -0.0567687 0.0430425 -0.1114811
176 -0.0714255 0.1067668 -0.0861058
177 -0.0666645 0.0684303 -0.1000221
178 -0.0913450 0.0871318 -0.0812480
179 -0.0724245 0.0943738 -0.1053882
180 -0.0946143 0.0666663 -0.0707883
181 -0.0784972 0.1105509 -0.0902289
182 -0.0634387 0.0897331 -0.0890304
183 0.0629092 0.0909323 -0.0707909
184 0.0083922 0.0909406 -0.1044385
185 -0.0454889 0.0760614 -0.0684287
186 -0.0430751 0.1032621 -0.0826291
187 0.0105516 0.1024627 -0.0854079
188 -0.0068236 0.0801669 -0.0792722
189 -0.0336076 0.0806137 -0.0470110
190 -0.0024961 0.1025996 -0.0582902
191 -0.0083979 0.1297183 -0.0974103
192 -0.0277994 0.0751574 -0.0652508
193 0.0147056 0.1077873 -0.0683730
194 -0.0049902 0.1042753 -0.0585319
195 -0.0775949 0.0893398 -0.0820155
196 -0.0620622 0.1196323 -0.0517785
197 -0.0381681 0.1255168 -0.0569451
198 -0.0514006 0.1154489 -0.0616118
199 -0.0773390 0.1127589 -0.0530086
200 -0.0749295 0.1197882 -0.0577822
201 -0.0358092 0.1385296 -0.0738645
202 -0.0619954 0.1302442 -0.0533041
203 -0.0756688 0.0928573 -0.0521362
204 -0.0829092 0.1098658 -0.0433498
205 -0.0540781 0.1429015 -0.0369865
206 -0.0700113 0.1057168 -0.0587880
207 -0.0511182 0.1004139 -0.0121309
208 -0.0642311 0.1247479 -0.0303616
